0.592995870509
[0.         0.         0.0014771  0.0014771  0.00295421 0.00295421
 0.00443131 0.00443131 0.00590842 0.00590842 0.01329394 0.01329394
 0.01477105 0.01477105 0.01624815 0.01624815 0.01920236 0.01920236
 0.02363368 0.02363368 0.02806499 0.02806499 0.0310192  0.0310192
 0.03249631 0.03249631 0.03397341 0.03397341 0.03545052 0.03545052
 0.03692762 0.03692762 0.03840473 0.03840473 0.04135894 0.04135894
 0.04283604 0.04283604 0.04726736 0.04726736 0.04874446 0.04874446
 0.05169867 0.05169867 0.05465288 0.05465288 0.05760709 0.05760709
 0.05908419 0.05908419 0.06351551 0.06351551 0.06499261 0.06499261
 0.06646972 0.06646972 0.07385524 0.07385524 0.07828656 0.07828656
 0.08271787 0.08271787 0.09305761 0.09305761 0.10487445 0.10487445
 0.10635155 0.10635155 0.11816839 0.11816839 0.12407681 0.12407681
 0.12555391 0.12555391 0.12703102 0.12703102 0.13146233 0.13146233
 0.13293944 0.13293944 0.14032496 0.14032496 0.14180207 0.14180207
 0.14623338 0.14623338 0.14771049 0.14771049 0.15805022 0.15805022
 0.15952733 0.15952733 0.16543575 0.16543575 0.17134417 0.17134417
 0.17282127 0.17282127 0.17429838 0.17429838 0.17577548 0.17577548
 0.18020679 0.18020679 0.18463811 0.18463811 0.18611521 0.18611521
 0.18759232 0.18759232 0.18906942 0.18906942 0.19054653 0.19054653
 0.19202363 0.19202363 0.19497784 0.19497784 0.19645495 0.19645495
 0.19793205 0.19793205 0.20088626 0.20088626 0.20236337 0.20236337
 0.20384047 0.20384047 0.20531758 0.20531758 0.21418021 0.21418021
 0.21713442 0.21713442 0.22008863 0.22008863 0.22304284 0.22304284
 0.23485968 0.23485968 0.23633678 0.23633678 0.2422452  0.2422452
 0.2437223  0.2437223  0.24519941 0.24519941 0.24667651 0.24667651
 0.24815362 0.24815362 0.25258493 0.25258493 0.25553914 0.25553914
 0.25701625 0.25701625 0.27031019 0.27031019 0.28803545 0.28803545
 0.29098966 0.29098966 0.29246677 0.29246677 0.29985229 0.29985229
 0.30132939 0.30132939 0.30576071 0.30576071 0.31610044 0.31610044
 0.31757755 0.31757755 0.32200886 0.32200886 0.32939439 0.32939439
 0.33087149 0.33087149 0.3323486  0.3323486  0.3338257  0.3338257
 0.34564254 0.34564254 0.34859675 0.34859675 0.35155096 0.35155096
 0.36041359 0.36041359 0.37370753 0.37370753 0.38847858 0.38847858
 0.394387   0.394387   0.40472674 0.40472674 0.40620384 0.40620384
 0.41211226 0.41211226 0.41358936 0.41358936 0.41802068 0.41802068
 0.42688331 0.42688331 0.43426883 0.43426883 0.43574594 0.43574594
 0.44017725 0.44017725 0.44165436 0.44165436 0.46528804 0.46528804
 0.46676514 0.46676514 0.46971935 0.46971935 0.47119645 0.47119645
 0.47267356 0.47267356 0.47562777 0.47562777 0.48153619 0.48153619
 0.48301329 0.48301329 0.49335303 0.49335303 0.50960118 0.50960118
 0.51994092 0.51994092 0.53618907 0.53618907 0.53766617 0.53766617
 0.5450517  0.5450517  0.55243722 0.55243722 0.55391433 0.55391433
 0.55539143 0.55539143 0.56129985 0.56129985 0.56573117 0.56573117
 0.57311669 0.57311669 0.5745938  0.5745938  0.57754801 0.57754801
 0.58493353 0.58493353 0.58641064 0.58641064 0.58936484 0.58936484
 0.59527326 0.59527326 0.59970458 0.59970458 0.605613   0.605613
 0.60856721 0.60856721 0.61299852 0.61299852 0.61595273 0.61595273
 0.62038405 0.62038405 0.62186115 0.62186115 0.62481536 0.62481536
 0.62629247 0.62629247 0.62776957 0.62776957 0.63220089 0.63220089
 0.6366322  0.6366322  0.64106352 0.64106352 0.64254062 0.64254062
 0.65288035 0.65288035 0.65435746 0.65435746 0.65583456 0.65583456
 0.65731167 0.65731167 0.66469719 0.66469719 0.6661743  0.6661743
 0.67208272 0.67208272 0.67355982 0.67355982 0.67946824 0.67946824
 0.68242245 0.68242245 0.68389956 0.68389956 0.6957164  0.6957164
 0.70014771 0.70014771 0.70162482 0.70162482 0.72082718 0.72082718
 0.72230428 0.72230428 0.7267356  0.7267356  0.73116691 0.73116691
 0.74150665 0.74150665 0.74741507 0.74741507 0.74889217 0.74889217
 0.75184638 0.75184638 0.75480059 0.75480059 0.75923191 0.75923191
 0.76218612 0.76218612 0.76366322 0.76366322 0.76514032 0.76514032
 0.77548006 0.77548006 0.77695716 0.77695716 0.78286558 0.78286558
 0.79172821 0.79172821 0.79615953 0.79615953 0.816839   0.816839
 0.82127031 0.82127031 0.82717873 0.82717873 0.83604136 0.83604136
 0.83899557 0.83899557 0.84047267 0.84047267 0.85081241 0.85081241
 0.85228951 0.85228951 0.85819793 0.85819793 0.85967504 0.85967504
 0.86262925 0.86262925 0.86410635 0.86410635 0.87001477 0.87001477
 0.88478582 0.88478582 0.89364845 0.89364845 0.89512555 0.89512555
 0.89660266 0.89660266 0.90694239 0.90694239 0.9098966  0.9098966
 0.91285081 0.91285081 0.92319055 0.92319055 0.92909897 0.92909897
 0.94239291 0.94239291 0.94534712 0.94534712 0.96307238 0.96307238
 0.96454948 0.96454948 0.97636632 0.97636632 0.97784343 0.97784343
 0.98670606 0.98670606 0.99556869 0.99556869 1.        ]
[0.00309598 0.00928793 0.00928793 0.02786378 0.02786378 0.03095975
 0.03095975 0.0371517  0.0371517  0.04334365 0.04334365 0.04643963
 0.04643963 0.0495356  0.0495356  0.05263158 0.05263158 0.05572755
 0.05572755 0.05882353 0.05882353 0.06501548 0.06501548 0.06811146
 0.06811146 0.07739938 0.07739938 0.08049536 0.08049536 0.08359133
 0.08359133 0.08668731 0.08668731 0.08978328 0.08978328 0.09287926
 0.09287926 0.09907121 0.09907121 0.10216718 0.10216718 0.11145511
 0.11145511 0.13931889 0.13931889 0.14241486 0.14241486 0.14860681
 0.14860681 0.15170279 0.15170279 0.17337461 0.17337461 0.17647059
 0.17647059 0.18266254 0.18266254 0.18575851 0.18575851 0.19195046
 0.19195046 0.19504644 0.19504644 0.20123839 0.20123839 0.20433437
 0.20433437 0.21052632 0.21052632 0.21362229 0.21362229 0.21671827
 0.21671827 0.22600619 0.22600619 0.22910217 0.22910217 0.23219814
 0.23219814 0.23529412 0.23529412 0.23839009 0.23839009 0.25077399
 0.25077399 0.25386997 0.25386997 0.25696594 0.25696594 0.26006192
 0.26006192 0.26315789 0.26315789 0.26625387 0.26625387 0.26934985
 0.26934985 0.27863777 0.27863777 0.28482972 0.28482972 0.29411765
 0.29411765 0.30340557 0.30340557 0.30650155 0.30650155 0.3126935
 0.3126935  0.31578947 0.31578947 0.31888545 0.31888545 0.32198142
 0.32198142 0.3250774  0.3250774  0.32817337 0.32817337 0.3374613
 0.3374613  0.34055728 0.34055728 0.34365325 0.34365325 0.34674923
 0.34674923 0.3498452  0.3498452  0.35603715 0.35603715 0.35913313
 0.35913313 0.3622291  0.3622291  0.36532508 0.36532508 0.36842105
 0.36842105 0.374613   0.374613   0.37770898 0.37770898 0.38080495
 0.38080495 0.38390093 0.38390093 0.39318885 0.39318885 0.40247678
 0.40247678 0.40866873 0.40866873 0.41176471 0.41176471 0.41795666
 0.41795666 0.42105263 0.42105263 0.43034056 0.43034056 0.43653251
 0.43653251 0.43962848 0.43962848 0.44582043 0.44582043 0.45820433
 0.45820433 0.46439628 0.46439628 0.47058824 0.47058824 0.47368421
 0.47368421 0.47678019 0.47678019 0.47987616 0.47987616 0.48297214
 0.48297214 0.48606811 0.48606811 0.49535604 0.49535604 0.49845201
 0.49845201 0.50464396 0.50464396 0.51083591 0.51083591 0.51393189
 0.51393189 0.51702786 0.51702786 0.52012384 0.52012384 0.52321981
 0.52321981 0.52631579 0.52631579 0.52941176 0.52941176 0.53250774
 0.53250774 0.53560372 0.53560372 0.54489164 0.54489164 0.54798762
 0.54798762 0.55108359 0.55108359 0.55417957 0.55417957 0.56346749
 0.56346749 0.56965944 0.56965944 0.57894737 0.57894737 0.58204334
 0.58204334 0.58513932 0.58513932 0.58823529 0.58823529 0.59133127
 0.59133127 0.59442724 0.59442724 0.59752322 0.59752322 0.6006192
 0.6006192  0.60371517 0.60371517 0.60681115 0.60681115 0.60990712
 0.60990712 0.6130031  0.6130031  0.61919505 0.61919505 0.62229102
 0.62229102 0.63157895 0.63157895 0.63467492 0.63467492 0.6377709
 0.6377709  0.64396285 0.64396285 0.64705882 0.64705882 0.6501548
 0.6501548  0.65325077 0.65325077 0.65944272 0.65944272 0.6625387
 0.6625387  0.66563467 0.66563467 0.66873065 0.66873065 0.67182663
 0.67182663 0.6749226  0.6749226  0.68421053 0.68421053 0.6873065
 0.6873065  0.69040248 0.69040248 0.69659443 0.69659443 0.6996904
 0.6996904  0.70278638 0.70278638 0.70588235 0.70588235 0.70897833
 0.70897833 0.7120743  0.7120743  0.71826625 0.71826625 0.7244582
 0.7244582  0.73065015 0.73065015 0.73374613 0.73374613 0.73684211
 0.73684211 0.73993808 0.73993808 0.74922601 0.74922601 0.75232198
 0.75232198 0.75851393 0.75851393 0.76160991 0.76160991 0.76470588
 0.76470588 0.76780186 0.76780186 0.77089783 0.77089783 0.77399381
 0.77399381 0.77708978 0.77708978 0.78018576 0.78018576 0.78328173
 0.78328173 0.78947368 0.78947368 0.79256966 0.79256966 0.79566563
 0.79566563 0.80185759 0.80185759 0.80495356 0.80495356 0.80804954
 0.80804954 0.81424149 0.81424149 0.82043344 0.82043344 0.82352941
 0.82352941 0.82662539 0.82662539 0.82972136 0.82972136 0.83281734
 0.83281734 0.83591331 0.83591331 0.83900929 0.83900929 0.84210526
 0.84210526 0.84829721 0.84829721 0.86377709 0.86377709 0.86687307
 0.86687307 0.87306502 0.87306502 0.87925697 0.87925697 0.88235294
 0.88235294 0.88544892 0.88544892 0.88854489 0.88854489 0.89164087
 0.89164087 0.89473684 0.89473684 0.90402477 0.90402477 0.90712074
 0.90712074 0.91021672 0.91021672 0.91331269 0.91331269 0.91640867
 0.91640867 0.91950464 0.91950464 0.92260062 0.92260062 0.92569659
 0.92569659 0.93498452 0.93498452 0.9380805  0.9380805  0.94117647
 0.94117647 0.94427245 0.94427245 0.9504644  0.9504644  0.95356037
 0.95356037 0.95665635 0.95665635 0.95975232 0.95975232 0.96594427
 0.96594427 0.97213622 0.97213622 0.97832817 0.97832817 0.98452012
 0.98452012 0.9876161  0.9876161  0.99071207 0.99071207 0.99380805
 0.99380805 0.99690402 0.99690402 1.         1.        ]
thresholds
[0.34534053 0.33702965 0.33588939 0.32247195 0.31864545 0.31441148
 0.3141839  0.31311704 0.3128764  0.31153078 0.30971858 0.30930408
 0.30869916 0.30837004 0.30665928 0.30647037 0.3041078  0.30308219
 0.30245839 0.3024209  0.30143517 0.30117411 0.29940393 0.29932719
 0.29920517 0.29832839 0.29793809 0.29787853 0.29753219 0.29737214
 0.29734104 0.29709058 0.29606329 0.2954034  0.29496141 0.29470374
 0.29470018 0.2941566  0.29311953 0.29290114 0.29181094 0.29152742
 0.29136151 0.28968518 0.2893392  0.28926301 0.28912969 0.28887336
 0.28873205 0.28858205 0.28814876 0.28677958 0.28653918 0.28626676
 0.28606703 0.28582796 0.28499488 0.28492425 0.28488793 0.2847758
 0.28441527 0.28405587 0.28374416 0.28362775 0.28285068 0.28255214
 0.28250617 0.28233332 0.28153951 0.28152605 0.28114085 0.28098061
 0.28082433 0.28035455 0.28004835 0.27998464 0.27955706 0.27951182
 0.27949437 0.27945474 0.27866427 0.27855865 0.27823855 0.27752935
 0.27726959 0.27725484 0.27722147 0.27721097 0.27670776 0.27668167
 0.27640827 0.27626333 0.27576699 0.27543686 0.2752022  0.2752
 0.27498786 0.27489653 0.2748952  0.27471341 0.27456467 0.27441868
 0.27391878 0.27380403 0.27367234 0.27357977 0.27350144 0.27335181
 0.27330045 0.27253853 0.27250568 0.2724364  0.27238839 0.27238723
 0.27234972 0.27224379 0.27214618 0.2720417  0.27194878 0.27155744
 0.27147907 0.2713023  0.27122729 0.27109201 0.27097134 0.27074241
 0.27073215 0.27065206 0.27056722 0.27047855 0.26969088 0.26962101
 0.26958514 0.26946115 0.26909325 0.26907157 0.26899321 0.26888387
 0.2680002  0.26786773 0.26752943 0.26751726 0.26727422 0.26726543
 0.26714503 0.26693838 0.26691188 0.26672554 0.26667931 0.26652792
 0.26649005 0.26648208 0.26614967 0.26596489 0.26585337 0.26573325
 0.26571342 0.26557892 0.26495808 0.26457204 0.26373947 0.2636777
 0.26361338 0.26360976 0.26360195 0.26345761 0.26313365 0.26284664
 0.26277931 0.26260506 0.2625427  0.26220458 0.261705   0.26170201
 0.26169989 0.26161192 0.26132791 0.26126359 0.26071699 0.26068905
 0.26060324 0.26054177 0.26039408 0.26010504 0.26004254 0.26001168
 0.25883149 0.25873096 0.25869085 0.25857315 0.25836402 0.25823742
 0.25761185 0.25758473 0.257106   0.25702619 0.25641052 0.25637215
 0.25620811 0.25617178 0.25566297 0.25563464 0.25559672 0.25541671
 0.25510254 0.2550915  0.25509058 0.254635   0.25455651 0.25449218
 0.25420431 0.25419827 0.25391556 0.25386649 0.25373539 0.25355083
 0.25327158 0.25310636 0.25300137 0.25286705 0.25094729 0.25091285
 0.25087327 0.2508697  0.25067565 0.25065937 0.25058161 0.25049755
 0.25044698 0.25041243 0.2502657  0.25020638 0.25001845 0.24996116
 0.2498541  0.24980224 0.24936359 0.24932102 0.24844972 0.24844065
 0.24802742 0.24790959 0.24670363 0.24649164 0.24637331 0.24632565
 0.24596906 0.24574972 0.24530423 0.24506079 0.24504748 0.24503991
 0.24494084 0.24487019 0.24415253 0.24414998 0.24387945 0.24350469
 0.24315418 0.24314001 0.24307491 0.24277863 0.24277495 0.24265459
 0.24237428 0.24222321 0.24214244 0.24196309 0.24195729 0.24166912
 0.24103862 0.24079569 0.24062974 0.24050589 0.24003876 0.23988406
 0.23966908 0.23927884 0.23898167 0.23896267 0.23872174 0.23858968
 0.23850306 0.23850171 0.23826099 0.2381806  0.23813818 0.23811516
 0.23806873 0.23779235 0.2377871  0.23768028 0.23758171 0.23748939
 0.23693497 0.23679226 0.23638943 0.2360563  0.23585197 0.23584156
 0.23503244 0.23500931 0.23489504 0.23479418 0.23478605 0.23450336
 0.23445926 0.23443661 0.23394023 0.23390024 0.2338162  0.23378243
 0.23338275 0.23309543 0.23305678 0.23297627 0.23260303 0.23240478
 0.23238058 0.23231871 0.2322456  0.23224154 0.23145422 0.23131919
 0.23088394 0.23073412 0.2306847  0.23053229 0.22914759 0.2290967
 0.22889788 0.22878194 0.22850961 0.22850426 0.22824902 0.22821573
 0.22765626 0.2270546  0.22679716 0.22634134 0.22632604 0.22622925
 0.22585522 0.22581621 0.22545661 0.22531147 0.22507652 0.22496806
 0.22465507 0.22448887 0.22434944 0.2241491  0.22396354 0.2239402
 0.22318    0.22276116 0.22272385 0.22206515 0.22168464 0.22167864
 0.22112673 0.22066665 0.22053772 0.2204585  0.21870081 0.21842402
 0.21781294 0.21779864 0.21750057 0.21738845 0.21633012 0.21626536
 0.21625176 0.21621737 0.21611217 0.21549424 0.21498278 0.21471352
 0.21440273 0.21406003 0.21378801 0.21371465 0.21347555 0.21337881
 0.21282304 0.21261903 0.21234519 0.21221265 0.21168064 0.21166603
 0.20862402 0.20770222 0.20524636 0.20502554 0.20496384 0.20491171
 0.20479271 0.20473258 0.20220432 0.20195326 0.20142032 0.20126788
 0.20063762 0.20021257 0.19897673 0.19874107 0.19745977 0.19719484
 0.1940718  0.19288566 0.19241942 0.19184912 0.18780103 0.18753098
 0.18683737 0.18656414 0.18060562 0.17989073 0.17946319 0.17918828
 0.17500642 0.17425981 0.15085152 0.14867866 0.13785542]
minX :0.351551,  minY: 0.513932, mindist:0.599875, Threshold = 0.258237 
maxX :0.305761,  maxY: 0.470588, maxYoudenIndex:0.164828, ThresholdYouden = 0.262205 
maxX :0.000000,  maxY: 0.000000, maxIntercept:0.990000, thresholdIso = 0.000000 
Expression time: 0.016147 acc. 0.677000 select_1 0.000000 preY:1000.000000 testY:1000.000000 testX:1000.000000 select_2 1.000000
higherCorrect : 3, yesAccuracy : 0.003000,  lowerCorrect: 3, noAccuracy: 0.003000
lower threshold: 0.148679 ,   upperThreshold: 0.337030
[0.72621137 0.27378863]
[0.73466356 0.26533644]
[0.76645051 0.23354949]
[0.75209201 0.24790799]
[0.76149694 0.23850306]
[0.70503859 0.29496141]
[0.6895886 0.3104114]
[0.69028142 0.30971858]
[0.74986885 0.25013115]
[0.71650969 0.28349031]
[0.74198955 0.25801045]
[0.74763365 0.25236635]
[0.72422248 0.27577752]
[0.70393671 0.29606329]
[0.71766936 0.28233064]
[0.69573567 0.30426433]
[0.69736628 0.30263372]
[0.7247978 0.2752022]
[0.75071048 0.24928952]
[0.74570253 0.25429747]
[0.74400362 0.25599638]
[0.71833757 0.28166243]
[0.71511046 0.28488954]
[0.7319998 0.2680002]
[0.71885915 0.28114085]
[0.7502372 0.2497628]
[0.75437506 0.24562494]
[0.73626053 0.26373947]
[0.75293401 0.24706599]
[0.69130084 0.30869916]
[0.78374619 0.21625381]
[0.77454339 0.22545661]
[0.71393297 0.28606703]
[0.6858161 0.3141839]
[0.66411061 0.33588939]
[0.72608122 0.27391878]
[0.72462012 0.27537988]
[0.68871202 0.31128798]
[0.70206191 0.29793809]
[0.76482736 0.23517264]
[0.72105572 0.27894428]
[0.73639805 0.26360195]
[0.7909274 0.2090726]
[0.71050133 0.28949867]
[0.73373134 0.26626866]
[0.71818744 0.28181256]
[0.71142186 0.28857814]
[0.73549599 0.26450401]
[0.78117046 0.21882954]
[0.71126795 0.28873205]
[0.71185124 0.28814876]
[0.82332464 0.17667536]
[0.79831895 0.20168105]
[0.72876368 0.27123632]
[0.72306897 0.27693103]
[0.69748042 0.30251958]
[0.75833122 0.24166878]
[0.75452754 0.24547246]
[0.75023783 0.24976217]
[0.76590953 0.23409047]
[0.77804256 0.22195744]
[0.7693153 0.2306847]
[0.79365901 0.20634099]
[0.78616486 0.21383514]
[0.69334072 0.30665928]
[0.79109581 0.20890419]
[0.79043403 0.20956597]
[0.77611352 0.22388648]
[0.7084746 0.2915254]
[0.74459806 0.25540194]
[0.74077501 0.25922499]
[0.79097909 0.20902091]
[0.79137598 0.20862402]
[0.72968637 0.27031363]
[0.74041222 0.25958778]
[0.71691729 0.28308271]
[0.71625584 0.28374416]
[0.75083005 0.24916995]
[0.73504192 0.26495808]
[0.80367996 0.19632004]
[0.70079483 0.29920517]
[0.70529982 0.29470018]
[0.72300429 0.27699571]
[0.73887083 0.26112917]
[0.76033092 0.23966908]
[0.77534493 0.22465507]
[0.6958922 0.3041078]
[0.78808657 0.21191343]
[0.74264696 0.25735304]
[0.76256555 0.23743445]
[0.71558473 0.28441527]
[0.72176145 0.27823855]
[0.7344704 0.2655296]
[0.71597987 0.28402013]
[0.70059607 0.29940393]
[0.70661031 0.29338969]
[0.74440328 0.25559672]
[0.72118545 0.27881455]
[0.76020871 0.23979129]
[0.77023676 0.22976324]
[0.77183262 0.22816738]
[0.7632718 0.2367282]
[0.77017537 0.22982463]
[0.73452941 0.26547059]
[0.73828172 0.26171828]
[0.75192383 0.24807617]
[0.76361057 0.23638943]
[0.76951396 0.23048604]
[0.7661838 0.2338162]
[0.73554026 0.26445974]
[0.74418195 0.25581805]
[0.72133573 0.27866427]
[0.74579569 0.25420431]
[0.73995746 0.26004254]
[0.71815597 0.28184403]
[0.75564237 0.24435763]
[0.742894 0.257106]
[0.75722505 0.24277495]
[0.68881846 0.31118154]
[0.69856483 0.30143517]
[0.74222447 0.25777553]
[0.73960592 0.26039408]
[0.71529568 0.28470432]
[0.74656899 0.25343101]
[0.76735497 0.23264503]
[0.77971651 0.22028349]
[0.77484916 0.22515084]
[0.78690323 0.21309677]
[0.79326384 0.20673616]
[0.71597807 0.28402193]
[0.73090675 0.26909325]
[0.747291 0.252709]
[0.75164249 0.24835751]
[0.74153746 0.25846254]
[0.78831936 0.21168064]
[0.76479392 0.23520608]
[0.72989056 0.27010944]
[0.74063955 0.25936045]
[0.74672842 0.25327158]
[0.74096011 0.25903989]
[0.74573256 0.25426744]
[0.70818906 0.29181094]
[0.7259191 0.2740809]
[0.76101833 0.23898167]
[0.73928301 0.26071699]
[0.77935603 0.22064397]
[0.74914416 0.25085584]
[0.75923973 0.24076027]
[0.74489746 0.25510254]
[0.70688047 0.29311953]
[0.72784103 0.27215897]
[0.76463724 0.23536276]
[0.75757454 0.24242546]
[0.84266748 0.15733252]
[0.73634531 0.26365469]
[0.78388783 0.21611217]
[0.73939676 0.26060324]
[0.75505916 0.24494084]
[0.73830011 0.26169989]
[0.70265896 0.29734104]
[0.7154529 0.2845471]
[0.7501459 0.2498541]
[0.75762572 0.24237428]
[0.74233607 0.25766393]
[0.77727615 0.22272385]
[0.74960779 0.25039221]
[0.75692509 0.24307491]
[0.73847876 0.26152124]
[0.73460884 0.26539116]
[0.71612914 0.28387086]
[0.72115561 0.27884439]
[0.73195266 0.26804734]
[0.68933549 0.31066451]
[0.74586474 0.25413526]
[0.75722204 0.24277796]
[0.74217146 0.25782854]
[0.76661725 0.23338275]
[0.79247581 0.20752419]
[0.77199581 0.22800419]
[0.71995165 0.28004835]
[0.73559672 0.26440328]
[0.7106608 0.2893392]
[0.74539658 0.25460342]
[0.74891844 0.25108156]
[0.73092843 0.26907157]
[0.72619597 0.27380403]
[0.73973789 0.26026211]
[0.72278903 0.27721097]
[0.72746147 0.27253853]
[0.73403511 0.26596489]
[0.73708429 0.26291571]
[0.72761277 0.27238723]
[0.73639024 0.26360976]
[0.81246902 0.18753098]
[0.82010927 0.17989073]
[0.82574019 0.17425981]
[0.7412149 0.2587851]
[0.75685999 0.24314001]
[0.72373667 0.27626333]
[0.73642267 0.26357733]
[0.71512551 0.28487449]
[0.70983211 0.29016789]
[0.69882589 0.30117411]
[0.75019776 0.24980224]
[0.77704648 0.22295352]
[0.78628535 0.21371465]
[0.76926588 0.23073412]
[0.77361506 0.22638494]
[0.79797974 0.20202026]
[0.77832136 0.22167864]
[0.71024288 0.28975712]
[0.76922708 0.23077292]
[0.7279583 0.2720417]
[0.73505927 0.26494073]
[0.80815088 0.19184912]
[0.73931095 0.26068905]
[0.7152242 0.2847758]
[0.71507575 0.28492425]
[0.76141032 0.23858968]
[0.71031482 0.28968518]
[0.76759522 0.23240478]
[0.75367435 0.24632565]
[0.75734541 0.24265459]
[0.72944987 0.27055013]
[0.71073699 0.28926301]
[0.71198078 0.28801922]
[0.72501273 0.27498727]
[0.76188484 0.23811516]
[0.76702373 0.23297627]
[0.73273457 0.26726543]
[0.70529626 0.29470374]
[0.68688296 0.31311704]
[0.65465947 0.34534053]
[0.71141795 0.28858205]
[0.74682608 0.25317392]
[0.6577509 0.3422491]
[0.67526706 0.32473294]
[0.75512981 0.24487019]
[0.74529722 0.25470278]
[0.75920431 0.24079569]
[0.74713295 0.25286705]
[0.73654239 0.26345761]
[0.70212147 0.29787853]
[0.7045966 0.2954034]
[0.68718548 0.31281452]
[0.68846922 0.31153078]
[0.78778735 0.21221265]
[0.69162996 0.30837004]
[0.68558852 0.31441148]
[0.71110123 0.28889877]
[0.70955233 0.29044767]
[0.70167161 0.29832839]
[0.74908715 0.25091285]
[0.75508164 0.24491836]
[0.70929256 0.29070744]
[0.77377075 0.22622925]
[0.66696099 0.33303901]
[0.72775621 0.27224379]
[0.7255611 0.2744389]
[0.73335326 0.26664674]
[0.71637225 0.28362775]
[0.70129279 0.29870721]
[0.71847395 0.28152605]
[0.73351758 0.26648242]
[0.76251061 0.23748939]
[0.67526352 0.32473648]
[0.71766668 0.28233332]
[0.66297035 0.33702965]
[0.69869153 0.30130847]
[0.70262786 0.29737214]
[0.70944939 0.29055061]
[0.70868749 0.29131251]
[0.70956161 0.29043839]
[0.73351792 0.26648208]
[0.71112664 0.28887336]
[0.75649531 0.24350469]
[0.72558132 0.27441868]
[0.73838808 0.26161192]
[0.67426383 0.32573617]
[0.67752805 0.32247195]
[0.67577065 0.32422935]
[0.72054526 0.27945474]
[0.70067281 0.29932719]
[0.7275636 0.2724364]
[0.75067898 0.24932102]
[0.80711434 0.19288566]
[0.80764985 0.19235015]
[0.71417204 0.28582796]
[0.7491303 0.2508697]
[0.7248 0.2752]
[0.73322525 0.26677475]
[0.72618278 0.27381722]
[0.78450576 0.21549424]
[0.78261155 0.21738845]
[0.7758509 0.2241491]
[0.77468853 0.22531147]
[0.7795415 0.2204585]
[0.78738097 0.21261903]
[0.77778914 0.22221086]
[0.75209041 0.24790959]
[0.73715336 0.26284664]
[0.72200233 0.27799767]
[0.72664819 0.27335181]
[0.72510347 0.27489653]
[0.72651504 0.27348496]
[0.73442108 0.26557892]
[0.73248274 0.26751726]
[0.71964545 0.28035455]
[0.73347208 0.26652792]
[0.72511903 0.27488097]
[0.7363044 0.2636956]
[0.8026377 0.1973623]
[0.7223426 0.2776574]
[0.70921777 0.29078223]
[0.81219964 0.18780036]
[0.85132134 0.14867866]
[0.76556116 0.23443884]
[0.75941291 0.24058709]
[0.75410054 0.24589946]
[0.77294498 0.22705502]
[0.76103733 0.23896267]
[0.78157598 0.21842402]
[0.79174652 0.20825348]
[0.79873212 0.20126788]
[0.75722137 0.24277863]
[0.75493921 0.24506079]
[0.74634328 0.25365672]
[0.72952145 0.27047855]
[0.73213227 0.26786773]
[0.73731672 0.26268328]
[0.71744786 0.28255214]
[0.72185387 0.27814613]
[0.73713529 0.26286471]
[0.73829799 0.26170201]
[0.72274516 0.27725484]
[0.74142685 0.25857315]
[0.74382822 0.25617178]
[0.75939129 0.24060871]
[0.82081172 0.17918828]
[0.76520582 0.23479418]
[0.70838683 0.29161317]
[0.70837486 0.29162514]
[0.73945823 0.26054177]
[0.80125893 0.19874107]
[0.77121806 0.22878194]
[0.77503194 0.22496806]
[0.74176258 0.25823742]
[0.77149574 0.22850426]
[0.76173901 0.23826099]
[0.75362669 0.24637331]
[0.86214458 0.13785542]
[0.85378815 0.14621185]
[0.71706802 0.28293198]
[0.75070406 0.24929594]
[0.76632604 0.23367396]
[0.76241829 0.23758171]
[0.78461805 0.21538195]
[0.74989214 0.25010786]
[0.76186182 0.23813818]
[0.82254188 0.17745812]
[0.75804271 0.24195729]
[0.74273494 0.25726506]
[0.73501024 0.26498976]
[0.74544188 0.25455812]
[0.72852093 0.27147907]
[0.73684979 0.26315021]
[0.80740749 0.19259251]
[0.78501722 0.21498278]
[0.8113931 0.1886069]
[0.82499358 0.17500642]
[0.80044999 0.19955001]
[0.70863849 0.29136151]
[0.76414803 0.23585197]
[0.74238815 0.25761185]
[0.72273041 0.27726959]
[0.74873528 0.25126472]
[0.77188885 0.22811115]
[0.76759613 0.23240387]
[0.76591709 0.23408291]
[0.77432997 0.22567003]
[0.78652445 0.21347555]
[0.79595975 0.20404025]
[0.71500512 0.28499488]
[0.75191877 0.24808123]
[0.81441975 0.18558025]
[0.85401599 0.14598401]
[0.81316263 0.18683737]
[0.75329637 0.24670363]
[0.77850533 0.22149467]
[0.75495252 0.24504748]
[0.74561411 0.25438589]
[0.7622129 0.2377871]
[0.76998828 0.23001172]
[0.71879372 0.28120628]
[0.6871236 0.3128764]
[0.79294139 0.20705861]
[0.79024722 0.20975278]
[0.78117383 0.21882617]
[0.75367824 0.24632176]
[0.75036764 0.24963236]
[0.75936296 0.24063704]
[0.74804264 0.25195736]
[0.73188349 0.26811651]
[0.73405504 0.26594496]
[0.73686635 0.26313365]
[0.72589592 0.27410408]
[0.74034822 0.25965178]
[0.82092398 0.17907602]
[0.83718226 0.16281774]
[0.80884417 0.19115583]
[0.80508772 0.19491228]
[0.80102327 0.19897673]
[0.75197258 0.24802742]
[0.75674421 0.24325579]
[0.75684582 0.24315418]
[0.76193127 0.23806873]
[0.74366129 0.25633871]
[0.73546098 0.26453902]
[0.74365685 0.25634315]
[0.75759308 0.24240692]
[0.77016591 0.22983409]
[0.78240709 0.21759291]
[0.76786268 0.23213732]
[0.73097685 0.26902315]
[0.75039576 0.24960424]
[0.74602597 0.25397403]
[0.74395908 0.25604092]
[0.73132496 0.26867504]
[0.72765028 0.27234972]
[0.80045247 0.19954753]
[0.81917341 0.18082659]
[0.80586394 0.19413606]
[0.79779568 0.20220432]
[0.71493751 0.28506249]
[0.73867209 0.26132791]
[0.76496756 0.23503244]
[0.84914848 0.15085152]
[0.76148329 0.23851671]
[0.7539109 0.2460891]
[0.78291721 0.21708279]
[0.75313797 0.24686203]
[0.77234374 0.22765626]
[0.76779796 0.23220204]
[0.76893301 0.23106699]
[0.76081908 0.23918092]
[0.74251638 0.25748362]
[0.74115649 0.25884351]
[0.72044294 0.27955706]
[0.71679861 0.28320139]
[0.76239665 0.23760335]
[0.72669955 0.27330045]
[0.74316578 0.25683422]
[0.74573367 0.25426633]
[0.78249943 0.21750057]
[0.80254023 0.19745977]
[0.78461394 0.21538606]
[0.76835044 0.23164956]
[0.75165132 0.24834868]
[0.74608444 0.25391556]
[0.77308282 0.22691718]
[0.73810915 0.26189085]
[0.74657318 0.25342682]
[0.74733908 0.25266092]
[0.76605977 0.23394023]
[0.7809342 0.2190658]
[0.77085241 0.22914759]
[0.76854578 0.23145422]
[0.75958613 0.24041387]
[0.72265201 0.27734799]
[0.72943278 0.27056722]
[0.71434006 0.28565994]
[0.75886831 0.24113169]
[0.73285497 0.26714503]
[0.75896138 0.24103862]
[0.77839635 0.22160365]
[0.71428301 0.28571699]
[0.77835447 0.22164553]
[0.78717696 0.21282304]
[0.77367396 0.22632604]
[0.78475329 0.21524671]
[0.76562382 0.23437618]
[0.6984362 0.3015638]
[0.7374573 0.2625427]
[0.72501214 0.27498786]
[0.75171481 0.24828519]
[0.74699863 0.25300137]
[0.75533907 0.24466093]
[0.71511207 0.28488793]
[0.74025043 0.25974957]
[0.72280039 0.27719961]
[0.73612808 0.26387192]
[0.73028162 0.26971838]
[0.73384353 0.26615647]
[0.77138793 0.22861207]
[0.75391094 0.24608906]
[0.71690977 0.28309023]
[0.76296126 0.23703874]
[0.76785037 0.23214963]
[0.72642023 0.27357977]
[0.7729454 0.2270546]
[0.73314238 0.26685762]
[0.71256032 0.28743968]
[0.72551081 0.27448919]
[0.72247065 0.27752935]
[0.72456314 0.27543686]
[0.73201686 0.26798314]
[0.73779542 0.26220458]
[0.74550782 0.25449218]
[0.71373324 0.28626676]
[0.72617734 0.27382266]
[0.777429 0.222571]
[0.72144135 0.27855865]
[0.7639437 0.2360563]
[0.77776672 0.22223328]
[0.73426675 0.26573325]
[0.71955729 0.28044271]
[0.69352963 0.30647037]
[0.70122941 0.29877059]
[0.68676365 0.31323635]
[0.71927006 0.28072994]
[0.78528648 0.21471352]
[0.74689364 0.25310636]
[0.7125921 0.2874079]
[0.73053885 0.26946115]
[0.72844256 0.27155744]
[0.75003884 0.24996116]
[0.75496009 0.24503991]
[0.71322042 0.28677958]
[0.70709886 0.29290114]
[0.72925759 0.27074241]
[0.71629155 0.28370845]
[0.73415587 0.26584413]
[0.73037899 0.26962101]
[0.78378263 0.21621737]
[0.80280516 0.19719484]
[0.76231764 0.23768236]
[0.76609976 0.23390024]
[0.75415897 0.24584103]
[0.70847258 0.29152742]
[0.73306162 0.26693838]
[0.7363223 0.2636777]
[0.72528659 0.27471341]
[0.76011594 0.23988406]
[0.77115129 0.22884871]
[0.77723884 0.22276116]
[0.7791145 0.2208855]
[0.77949224 0.22050776]
[0.72331833 0.27668167]
[0.71199028 0.28800972]
[0.72502289 0.27497711]
[0.80704215 0.19295785]
[0.79497446 0.20502554]
[0.72934794 0.27065206]
[0.75705513 0.24294487]
[0.72890799 0.27109201]
[0.74436536 0.25563464]
[0.72822875 0.27177125]
[0.75425028 0.24574972]
[0.71901939 0.28098061]
[0.73747428 0.26252572]
[0.77761752 0.22238248]
[0.69069592 0.30930408]
[0.76320774 0.23679226]
[0.78435699 0.21564301]
[0.70537687 0.29462313]
[0.75350836 0.24649164]
[0.74644385 0.25355615]
[0.77418379 0.22581621]
[0.7449085 0.2550915]
[0.74126904 0.25873096]
[0.71310143 0.28689857]
[0.69691781 0.30308219]
[0.6975791 0.3024209]
[0.75347982 0.24652018]
[0.73989496 0.26010504]
[0.71305922 0.28694078]
[0.7058434 0.2941566]
[0.76511541 0.23488459]
[0.75803691 0.24196309]
[0.74580173 0.25419827]
[0.76220765 0.23779235]
[0.79804674 0.20195326]
[0.76415844 0.23584156]
[0.77365866 0.22634134]
[0.72001536 0.27998464]
[0.71594413 0.28405587]
[0.76775846 0.23224154]
[0.73739494 0.26260506]
[0.70290942 0.29709058]
[0.71397375 0.28602625]
[0.76250106 0.23749894]
[0.74297381 0.25702619]
[0.78430249 0.21569751]
[0.7709033 0.2290967]
[0.73694076 0.26305924]
[0.76102033 0.23897967]
[0.74958757 0.25041243]
[0.74613351 0.25386649]
[0.76946771 0.23053229]
[0.74134904 0.25865096]
[0.74699972 0.25300028]
[0.73984166 0.26015834]
[0.73327446 0.26672554]
[0.77933335 0.22066665]
[0.76556339 0.23443661]
[0.73542796 0.26457204]
[0.73998832 0.26001168]
[0.74702011 0.25297989]
[0.745365 0.254635]
[0.76149829 0.23850171]
[0.76690457 0.23309543]
[0.78373464 0.21626536]
[0.75833088 0.24166912]
[0.74934063 0.25065937]
[0.79978743 0.20021257]
[0.81343586 0.18656414]
[0.79526742 0.20473258]
[0.76231972 0.23768028]
[0.75777679 0.24222321]
[0.76549664 0.23450336]
[0.74979362 0.25020638]
[0.71758732 0.28241268]
[0.76768129 0.23231871]
[0.78662119 0.21337881]
[0.79168888 0.20831112]
[0.79229778 0.20770222]
[0.78833397 0.21166603]
[0.74458329 0.25541671]
[0.76515291 0.23484709]
[0.74497084 0.25502916]
[0.74644917 0.25355083]
[0.75155935 0.24844065]
[0.7760598 0.2239402]
[0.72048818 0.27951182]
[0.72819024 0.27180976]
[0.76316724 0.23683276]
[0.76868081 0.23131919]
[0.74241527 0.25758473]
[0.73111613 0.26888387]
[0.7618194 0.2381806]
[0.77551113 0.22448887]
[0.76499069 0.23500931]
[0.77178427 0.22821573]
[0.78220136 0.21779864]
[0.75585002 0.24414998]
[0.79508829 0.20491171]
[0.76072116 0.23927884]
[0.74950245 0.25049755]
[0.77793485 0.22206515]
[0.76621757 0.23378243]
[0.73342761 0.26657239]
[0.74362785 0.25637215]
[0.73873641 0.26126359]
[0.75949411 0.24050589]
[0.73536605 0.26463395]
[0.7286977 0.2713023]
[0.78593997 0.21406003]
[0.73030912 0.26969088]
[0.73350995 0.26649005]
[0.73082978 0.26917022]
[0.75063641 0.24936359]
[0.75751311 0.24248689]
[0.75746782 0.24253218]
[0.75231518 0.24768482]
[0.7998693 0.2001307]
[0.72749432 0.27250568]
[0.72805122 0.27194878]
[0.72761161 0.27238839]
[0.74263365 0.25736635]
[0.75073296 0.24926704]
[0.74330576 0.25669424]
[0.72378803 0.27621197]
[0.71423815 0.28576185]
[0.75996124 0.24003876]
[0.75670166 0.24329834]
[0.73740402 0.26259598]
[0.74273206 0.25726794]
[0.7558821 0.2441179]
[0.74932435 0.25067565]
[0.78374824 0.21625176]
[0.74342567 0.25657433]
[0.77808086 0.22191914]
[0.78460459 0.21539541]
[0.72279768 0.27720232]
[0.73272578 0.26727422]
[0.73450138 0.26549862]
[0.77934078 0.22065922]
[0.77073547 0.22926453]
[0.78243457 0.21756543]
[0.80419422 0.19580578]
[0.80970439 0.19029561]
[0.72251095 0.27748905]
[0.73619057 0.26380943]
[0.74812801 0.25187199]
[0.79857968 0.20142032]
[0.79936238 0.20063762]
[0.78883287 0.21116713]
[0.73722069 0.26277931]
[0.77309088 0.22690912]
[0.74358948 0.25641052]
[0.77666246 0.22333754]
[0.76143791 0.23856209]
[0.74116851 0.25883149]
[0.74490942 0.25509058]
[0.7516969 0.2483031]
[0.8319498 0.1680502]
[0.82130555 0.17869445]
[0.82053681 0.17946319]
[0.71707217 0.28292783]
[0.72902866 0.27097134]
[0.73041486 0.26958514]
[0.71602722 0.28397278]
[0.72474817 0.27525183]
[0.71714932 0.28285068]
[0.77876782 0.22123218]
[0.7677544 0.2322456]
[0.80923562 0.19076438]
[0.78457205 0.21542795]
[0.78607181 0.21392819]
[0.73788046 0.26211954]
[0.74341046 0.25658954]
[0.74225522 0.25774478]
[0.74544349 0.25455651]
[0.71087031 0.28912969]
[0.7817699 0.2182301]
[0.78612093 0.21387907]
[0.78366988 0.21633012]
[0.77175098 0.22824902]
[0.74905271 0.25094729]
[0.75460767 0.24539233]
[0.74298126 0.25701874]
[0.77831536 0.22168464]
[0.78621199 0.21378801]
[0.79503616 0.20496384]
[0.8117681 0.1882319]
[0.79695318 0.20304682]
[0.76085826 0.23914174]
[0.7472153 0.2527847]
[0.74282928 0.25717072]
[0.73247057 0.26752943]
[0.75680653 0.24319347]
[0.74379189 0.25620811]
[0.75437492 0.24562508]
[0.8059282 0.1940718]
[0.80923286 0.19076714]
[0.82447742 0.17552258]
[0.75055684 0.24944316]
[0.71507742 0.28492258]
[0.73259772 0.26740228]
[0.78559727 0.21440273]
[0.71609422 0.28390578]
[0.73414663 0.26585337]
[0.80039455 0.19960545]
[0.77403157 0.22596843]
[0.79996694 0.20003306]
[0.71749383 0.28250617]
[0.78129919 0.21870081]
[0.74626461 0.25373539]
[0.78276037 0.21723963]
[0.77492348 0.22507652]
[0.7318037 0.2681963]
[0.70494949 0.29505051]
[0.74900775 0.25099225]
[0.75101599 0.24898401]
[0.73669788 0.26330212]
[0.73678811 0.26321189]
[0.75377135 0.24622865]
[0.72288513 0.27711487]
[0.73579093 0.26420907]
[0.75217134 0.24782866]
[0.77975168 0.22024832]
[0.74479454 0.25520546]
[0.80161138 0.19838862]
[0.76127826 0.23872174]
[0.73741756 0.26258244]
[0.7528185 0.2471815]
[0.74599803 0.25400197]
[0.69754161 0.30245839]
[0.74979586 0.25020414]
[0.7480966 0.2519034]
[0.78824384 0.21175616]
[0.75071213 0.24928787]
[0.73848809 0.26151191]
[0.74346312 0.25653688]
[0.7262849 0.2737151]
[0.73018316 0.26981684]
[0.72462422 0.27537578]
[0.70246781 0.29753219]
[0.71076443 0.28923557]
[0.81702964 0.18297036]
[0.81732068 0.18267932]
[0.81429708 0.18570292]
[0.81525527 0.18474473]
[0.78039794 0.21960206]
[0.76715153 0.23284847]
[0.7251048 0.2748952]
[0.74875957 0.25124043]
[0.83311031 0.16688969]
[0.80072052 0.19927948]
[0.77946228 0.22053772]
[0.76510496 0.23489504]
[0.76911606 0.23088394]
[0.75803734 0.24196266]
[0.73482298 0.26517702]
[0.71833363 0.28166637]
[0.7497343 0.2502657]
[0.77059003 0.22940997]
[0.802205 0.197795]
[0.81219897 0.18780103]
[0.7992043 0.2007957]
[0.75264259 0.24735741]
[0.80510634 0.19489366]
[0.83282125 0.16717875]
[0.80914409 0.19085591]
[0.80915717 0.19084283]
[0.74912673 0.25087327]
[0.77603646 0.22396354]
[0.80481022 0.19518978]
[0.75469577 0.24530423]
[0.73638662 0.26361338]
[0.71346082 0.28653918]
[0.72785382 0.27214618]
[0.77624192 0.22375808]
[0.79475364 0.20524636]
[0.78867306 0.21132694]
[0.78352043 0.21647957]
[0.77300902 0.22699098]
[0.77676954 0.22323046]
[0.76739697 0.23260303]
[0.76850804 0.23149196]
[0.76125793 0.23874207]
[0.72423301 0.27576699]
[0.7228565 0.2771435]
[0.76464411 0.23535589]
[0.77110212 0.22889788]
[0.78232943 0.21767057]
[0.81007478 0.18992522]
[0.77131547 0.22868453]
[0.78177192 0.21822808]
[0.74875302 0.25124698]
[0.73786873 0.26213127]
[0.71147213 0.28852787]
[0.7240793 0.2759207]
[0.75091248 0.24908752]
[0.72277853 0.27722147]
[0.71701125 0.28298875]
[0.72056096 0.27943904]
[0.73308812 0.26691188]
[0.80758058 0.19241942]
[0.74130044 0.25869956]
[0.73385033 0.26614967]
[0.7004037 0.2995963]
[0.77626332 0.22373668]
[0.76521395 0.23478605]
[0.76469923 0.23530077]
[0.74594979 0.25405021]
[0.74342877 0.25657123]
[0.7966061 0.2033939]
[0.76634521 0.23365479]
[0.74374437 0.25625563]
[0.7185902 0.2814098]
[0.73588027 0.26411973]
[0.77149039 0.22850961]
[0.77682 0.22318]
[0.77812247 0.22187753]
[0.71917567 0.28082433]
[0.74163598 0.25836402]
[0.79619911 0.20380089]
[0.72329224 0.27670776]
[0.74488632 0.25511368]
[0.73657573 0.26342427]
[0.75785756 0.24214244]
[0.73163786 0.26836214]
[0.72649856 0.27350144]
[0.73579544 0.26420456]
[0.77158561 0.22841439]
[0.77622298 0.22377702]
[0.76882457 0.23117543]
[0.77320284 0.22679716]
[0.75971286 0.24028714]
[0.772195 0.227805]
[0.77225736 0.22774264]
[0.75226372 0.24773628]
[0.738295 0.261705]
[0.74426851 0.25573149]
[0.780188 0.219812]
[0.80409649 0.19590351]
[0.78478923 0.21521077]
[0.78218706 0.21781294]
[0.77966789 0.22033211]
[0.78765481 0.21234519]
[0.77565056 0.22434944]
[0.69847908 0.30152092]
[0.68135455 0.31864545]
[0.70660688 0.29339312]
[0.72359173 0.27640827]
[0.71782066 0.28217934]
[0.78346629 0.21653371]
[0.73890395 0.26109605]
[0.76493414 0.23506586]
[0.76761942 0.23238058]
[0.78015293 0.21984707]
[0.76232476 0.23767524]
[0.74263584 0.25736416]
[0.74737621 0.25262379]
[0.80197977 0.19802023]
[0.79351453 0.20648547]
[0.7886335 0.2113665]
[0.71824253 0.28175747]
[0.73568575 0.26431425]
[0.78105847 0.21894153]
[0.76694322 0.23305678]
[0.75042421 0.24957579]
[0.73198816 0.26801184]
[0.77518271 0.22481729]
[0.75868651 0.24131349]
[0.74433703 0.25566297]
[0.73129143 0.26870857]
[0.75155028 0.24844972]
[0.7806343 0.2193657]
[0.74825774 0.25174226]
[0.76554074 0.23445926]
[0.71880254 0.28119746]
[0.72543533 0.27456467]
[0.74955302 0.25044698]
[0.74782365 0.25217635]
[0.77480315 0.22519685]
[0.7595583 0.2404417]
[0.75092421 0.24907579]
[0.76306503 0.23693497]
[0.7703629 0.2296371]
[0.73883308 0.26116692]
[0.72038737 0.27961263]
[0.72050563 0.27949437]
[0.74998155 0.25001845]
[0.76354883 0.23645117]
[0.73100679 0.26899321]
[0.76575917 0.23424083]
[0.75655065 0.24344935]
[0.74571592 0.25428408]
[0.778378 0.221622]
[0.75124377 0.24875623]
[0.75937026 0.24062974]
[0.76973932 0.23026068]
[0.75112582 0.24887418]
[0.78831644 0.21168356]
[0.79520729 0.20479271]
[0.74130915 0.25869085]
[0.75612055 0.24387945]
[0.74385278 0.25614722]
[0.76970401 0.23029599]
[0.76727332 0.23272668]
[0.76846168 0.23153832]
[0.79722092 0.20277908]
[0.81768736 0.18231264]
[0.80878352 0.19121648]
[0.74941839 0.25058161]
[0.73332069 0.26667931]
[0.71846049 0.28153951]
[0.72632766 0.27367234]
[0.73892426 0.26107574]
[0.72877271 0.27122729]
[0.73616681 0.26383319]
[0.81939438 0.18060562]
[0.81180434 0.18819566]
[0.80372567 0.19627433]
[0.77217666 0.22782334]
[0.78317248 0.21682752]
[0.78006652 0.21993348]
[0.75313071 0.24686929]
[0.73794019 0.26205981]
[0.73428658 0.26571342]
[0.73265217 0.26734783]
[0.77171393 0.22828607]
[0.75320386 0.24679614]
[0.77414478 0.22585522]
[0.74356923 0.25643077]
[0.77887327 0.22112673]
[0.74357356 0.25642644]
[0.73263849 0.26736151]
[0.7301194 0.2698806]
[0.75584747 0.24415253]
[0.72926785 0.27073215]
[0.71609122 0.28390878]
[0.73814467 0.26185533]
[0.76777671 0.23222329]
[0.79546806 0.20453194]
[0.73040029 0.26959971]
[0.75587895 0.24412105]
[0.75403094 0.24596906]
[0.76185246 0.23814754]
[0.769505 0.230495]
[0.73450345 0.26549655]
[0.74396697 0.25603303]
[0.79102443 0.20897557]
[0.78094243 0.21905757]
[0.7204359 0.2795641]
[0.75540406 0.24459594]
[0.74249102 0.25750898]
[0.76948786 0.23051214]
predicted value
0
0
0
0
0
0
0
0
0
0
0
0
0
0
0
0
0
0
0
0
0
0
0
0
0
0
0
0
0
0
0
0
0
0
0
0
0
0
0
0
0
0
0
0
0
0
0
0
0
0
0
0
0
0
0
0
0
0
0
0
0
0
0
0
0
0
0
0
0
0
0
0
0
0
0
0
0
0
0
0
0
0
0
0
0
0
0
0
0
0
0
0
0
0
0
0
0
0
0
0
0
0
0
0
0
0
0
0
0
0
0
0
0
0
0
0
0
0
0
0
0
0
0
0
0
0
0
0
0
0
0
0
0
0
0
0
0
0
0
0
0
0
0
0
0
0
0
0
0
0
0
0
0
0
0
0
0
0
0
0
0
0
0
0
0
0
0
0
0
0
0
0
0
0
0
0
0
0
0
0
0
0
0
0
0
0
0
0
0
0
0
0
0
0
0
0
0
0
0
0
0
0
0
0
0
0
0
0
0
0
0
0
0
0
0
0
0
0
0
0
0
0
0
0
0
0
0
0
0
0
0
0
0
0
0
0
0
0
0
0
0
0
0
0
0
0
0
0
0
0
0
0
0
0
0
0
0
0
0
0
0
0
0
0
0
0
0
0
0
0
0
0
0
0
0
0
0
0
0
0
0
0
0
0
0
0
0
0
0
0
0
0
0
0
0
0
0
0
0
0
0
0
0
0
0
0
0
0
0
0
0
0
0
0
0
0
0
0
0
0
0
0
0
0
0
0
0
0
0
0
0
0
0
0
0
0
0
0
0
0
0
0
0
0
0
0
0
0
0
0
0
0
0
0
0
0
0
0
0
0
0
0
0
0
0
0
0
0
0
0
0
0
0
0
0
0
0
0
0
0
0
0
0
0
0
0
0
0
0
0
0
0
0
0
0
0
0
0
0
0
0
0
0
0
0
0
0
0
0
0
0
0
0
0
0
0
0
0
0
0
0
0
0
0
0
0
0
0
0
0
0
0
0
0
0
0
0
0
0
0
0
0
0
0
0
0
0
0
0
0
0
0
0
0
0
0
0
0
0
0
0
0
0
0
0
0
0
0
0
0
0
0
0
0
0
0
0
0
0
0
0
0
0
0
0
0
0
0
0
0
0
0
0
0
0
0
0
0
0
0
0
0
0
0
0
0
0
0
0
0
0
0
0
0
0
0
0
0
0
0
0
0
0
0
0
0
0
0
0
0
0
0
0
0
0
0
0
0
0
0
0
0
0
0
0
0
0
0
0
0
0
0
0
0
0
0
0
0
0
0
0
0
0
0
0
0
0
0
0
0
0
0
0
0
0
0
0
0
0
0
0
0
0
0
0
0
0
0
0
0
0
0
0
0
0
0
0
0
0
0
0
0
0
0
0
0
0
0
0
0
0
0
0
0
0
0
0
0
0
0
0
0
0
0
0
0
0
0
0
0
0
0
0
0
0
0
0
0
0
0
0
0
0
0
0
0
0
0
0
0
0
0
0
0
0
0
0
0
0
0
0
0
0
0
0
0
0
0
0
0
0
0
0
0
0
0
0
0
0
0
0
0
0
0
0
0
0
0
0
0
0
0
0
0
0
0
0
0
0
0
0
0
0
0
0
0
0
0
0
0
0
0
0
0
0
0
0
0
0
0
0
0
0
0
0
0
0
0
0
0
0
0
0
0
0
0
0
0
0
0
0
0
0
0
0
0
0
0
0
0
0
0
0
0
0
0
0
0
0
0
0
0
0
0
0
0
0
0
0
0
0
0
0
0
0
0
0
0
0
0
0
0
0
0
0
0
0
0
0
0
0
0
0
0
0
0
0
0
0
0
0
0
0
0
0
0
0
0
0
0
0
0
0
0
0
0
0
0
0
0
0
0
0
0
0
0
0
0
0
0
0
0
0
0
0
0
0
0
0
0
0
0
0
0
0
0
0
0
0
0
0
0
0
0
0
0
0
0
0
0
0
0
0
0
0
0
0
0
0
0
0
0
0
0
0
0
0
0
0
0
0
0
0
0
0
0
0
0
0
0
0
0
0
0
0
0
0
0
0
0
0
0
0
0
0
0
0
0
0
0
0
0
0
0
0
0
0
0
0
0
0
0
0
0
0
0
0
0
0
0
0
0
0
0
0
0
0
0
0
0
0
0
0
0
0
0
0
0
0
0
0
0
0
0
0
0
0
0
0
0
0
0
0
0
0
0
0
0
0
0
0
0
0
0
0
0
0
0
0
0
0
0
0
0
0
0
0
0
0
0
0
0
0
0
0
0
0
0
0
0
True value
0
0
0
0
0
0
0
0
0
0
0
0
0
0
0
0
0
0
0
0
0
0
0
0
0
0
0
0
0
0
0
0
0
0
0
0
0
0
0
0
0
0
0
0
0
0
0
0
0
0
0
0
0
0
0
0
0
0
0
0
0
0
0
0
0
0
0
0
0
0
0
0
0
0
0
0
0
0
0
0
0
0
0
0
0
0
0
0
0
0
0
0
0
0
0
0
0
0
0
0
0
0
0
0
0
0
0
0
0
0
0
0
0
0
0
0
0
0
0
0
0
0
0
0
0
0
0
0
0
0
0
0
0
0
0
0
0
0
0
0
0
0
0
0
0
0
0
0
0
0
0
0
0
0
0
0
0
0
0
0
0
0
0
0
0
0
0
0
0
0
0
0
0
0
0
0
0
0
0
0
0
0
0
0
1
1
1
1
1
1
1
1
1
1
1
1
1
1
1
1
1
1
1
1
1
1
1
1
1
1
1
1
1
1
1
1
1
1
1
1
1
1
1
1
1
1
1
1
1
1
1
1
1
1
1
1
1
1
1
1
1
1
1
1
1
1
1
1
1
1
1
1
1
1
1
1
1
1
1
1
1
1
1
1
1
1
1
1
1
1
1
1
1
1
1
1
1
1
1
1
1
1
1
1
1
1
1
1
1
1
1
1
1
1
1
1
1
1
1
1
1
1
1
1
1
1
1
1
1
1
1
1
1
1
1
1
1
1
1
1
1
1
1
1
1
1
1
1
1
1
1
1
1
1
1
1
1
1
1
1
1
1
1
1
1
1
1
1
0
0
0
0
0
0
0
0
0
0
0
0
0
0
0
0
0
0
0
0
0
0
0
0
0
0
0
0
0
0
0
0
0
0
0
0
0
0
0
0
0
0
0
0
0
0
0
0
0
0
0
0
0
0
0
0
0
0
0
0
0
0
0
0
0
0
0
0
0
0
0
0
0
0
0
0
0
0
0
0
0
0
0
0
0
0
0
0
0
0
0
0
0
0
0
0
0
0
0
0
0
0
0
0
0
0
0
0
0
0
0
0
0
0
0
0
0
0
0
0
0
0
0
0
0
0
0
0
0
0
0
0
0
0
0
0
0
0
0
0
0
0
0
0
0
0
0
0
0
0
1
1
1
1
1
1
1
1
1
1
1
1
1
1
1
1
1
1
1
1
1
1
1
1
1
1
1
1
1
1
1
1
1
1
1
1
1
1
1
1
1
1
1
1
1
1
1
1
1
1
1
1
1
1
1
1
1
1
1
1
1
1
1
1
1
1
1
1
1
1
1
1
1
1
1
1
1
1
1
1
1
1
1
1
1
1
1
1
1
1
1
1
1
1
1
1
1
1
1
1
1
1
1
1
1
1
1
1
1
1
1
1
1
1
1
1
1
1
1
1
1
1
1
1
1
1
1
1
1
1
1
1
1
1
1
1
1
1
1
1
1
1
1
1
1
1
1
1
1
1
1
1
1
1
1
1
1
1
1
0
0
0
0
0
0
0
0
0
0
0
0
0
0
0
0
0
0
0
0
0
0
0
0
0
0
0
0
0
0
0
0
0
0
0
0
0
0
0
0
0
0
0
0
0
0
0
0
0
0
0
0
0
0
0
0
0
0
0
0
0
0
0
0
0
0
0
0
0
0
0
0
0
0
0
0
0
0
0
0
0
0
0
0
0
0
0
0
0
0
0
0
0
0
0
0
0
0
0
0
0
0
0
0
0
0
0
0
0
0
0
0
0
0
0
0
0
0
0
0
0
0
0
0
0
0
0
0
0
0
0
0
0
0
0
0
0
0
0
0
0
0
0
0
0
0
0
0
0
0
0
0
0
0
0
0
0
0
0
0
0
0
0
0
0
0
0
0
0
0
0
0
0
0
0
0
0
0
0
0
0
0
0
0
0
0
0
0
0
0
0
0
0
0
0
0
0
0
0
0
0
0
0
0
0
0
0
0
0
0
0
0
0
0
0
0
0
0
0
0
0
0
0
0
0
0
0
0
0
0
0
0
0
0
0
0
0
0
0
0
0
0
0
0
0
0
0
0
0
0
0
0
0
0
0
0
0
0
0
0
0
0
0
0
0
0
0
0
0
0
0
0
0
0
0
0
0
0
0
0
0
0
0
0
0
0
0
0
0
0
0
0
0
0
0
0
0
0
0
0
0
0
0
0
0
0
0
0
0
0
0
0
0
0
0
0
0
0
0
0
0
0
0
0
0
0
0
0
0
0
0
0
0
0
0
0
0
0
0
0
0
0
0
0.137855423343
0.145984008452
0.146211850696
0.148678655609
0.150851519969
0.157332524682
0.162817738086
0.166889690162
0.167178749237
0.168050198502
0.174259811682
0.175006423503
0.175522577746
0.176675360819
0.177458121246
0.178694454222
0.179076015205
0.179188283886
0.179463191038
0.179890730126
0.18060561829
0.180826586659
0.182312639919
0.18267931724
0.182970358448
0.184744734641
0.185580252998
0.185702916561
0.186564143282
0.186837366694
0.187530979473
0.187800357542
0.187801029453
0.188195659961
0.188231897859
0.188606904692
0.189925220036
0.190295609623
0.190764376806
0.190767140251
0.190842832403
0.190855910104
0.191155825694
0.19121648237
0.191849115963
0.192350154122
0.192419424235
0.192592513287
0.192885661114
0.192957848684
0.194071799865
0.194136060908
0.194893662641
0.194912280366
0.19518978417
0.195805783773
0.195903511728
0.196274330698
0.196320039227
0.19719483732
0.197362301883
0.197459774304
0.197794996827
0.198020234958
0.198388618511
0.198741072864
0.198976725407
0.199279483136
0.199547529234
0.199550006006
0.199605447381
0.200033064893
0.200130696518
0.200212565683
0.200637618287
0.200795702396
0.201267877796
0.201420321825
0.201681051054
0.201953260856
0.202020260428
0.202204315768
0.202779080589
0.203046818787
0.203393904454
0.203800894614
0.204040248056
0.204531943876
0.204732579698
0.204792711326
0.204911709693
0.204963841212
0.205025536992
0.205246357889
0.206340993567
0.206485467494
0.20673615617
0.207058607631
0.207524187888
0.207702222939
0.208253484666
0.208311115743
0.208624020316
0.208904193604
0.208975568257
0.209020909413
0.209072602319
0.209565968913
0.209752779243
0.211167132255
0.21132693802
0.21136649934
0.21166602902
0.211680638714
0.211683564425
0.211756164357
0.211913432754
0.212212651795
0.212345191151
0.212619034731
0.212823042048
0.213096769234
0.213378811624
0.213475550662
0.213714653973
0.213788013132
0.213835144812
0.213879074952
0.213928193398
0.214060029292
0.214402726644
0.214713521725
0.214982776238
0.215210767451
0.215246708129
0.215381950985
0.215386057557
0.215395411748
0.21542794563
0.215494243547
0.215643013088
0.215697508017
0.216112171786
0.21621736861
0.216251764211
0.216253810138
0.216265360632
0.216330123781
0.216479574747
0.216533708755
0.216827524856
0.217082793889
0.217239633314
0.217388451505
0.217500565652
0.217565426764
0.217592914648
0.21767057023
0.2177986446
0.217812942851
0.218228083433
0.218230095803
0.218424019228
0.218700811874
0.21882617341
0.218829542965
0.218941526258
0.21905756751
0.219065799564
0.219365701828
0.219602056183
0.219811998224
0.219847071339
0.219933475272
0.220248316113
0.220283492163
0.220332113561
0.220458496104
0.22050775528
0.220537722458
0.220643970586
0.220659219864
0.220666647777
0.220885496502
0.221126728593
0.221232177957
0.22149467388
0.221603654035
0.221622004347
0.221645530374
0.221678643315
0.22168463772
0.221877533912
0.221919140589
0.221957442691
0.222065148229
0.222210860644
0.222233279817
0.222382480641
0.222570995109
0.222723851178
0.222761157717
0.222953524418
0.223180003456
0.22323045921
0.223337541521
0.223736682533
0.223758081655
0.223777024378
0.223886481281
0.223940196855
0.223963542753
0.224149102214
0.224349438538
0.224488867813
0.224655066184
0.224817294209
0.224968060334
0.225076523193
0.225150835475
0.225196850405
0.225311465138
0.22545660989
0.225670031572
0.225816207147
0.225855216659
0.225968432519
0.226229254378
0.226326036191
0.226341336898
0.226384935748
0.22679715762
0.226909123668
0.226917177988
0.22699098303
0.227054596641
0.227055016299
0.227656262685
0.227742643833
0.227805001554
0.227823344188
0.228004186384
0.228111148219
0.228167384266
0.228215731041
0.228249016306
0.228286073966
0.228414385581
0.228504263292
0.228509605041
0.228612070452
0.228684531743
0.228781942771
0.228848708254
0.228897882591
0.229096701555
0.229147588998
0.229264527318
0.229409969714
0.229637100071
0.22976324153
0.229824634144
0.229834087454
0.230011724798
0.230260676797
0.230295992799
0.23048604385
0.230494998031
0.230512141243
0.230532288276
0.230684698402
0.230734116072
0.230772915724
0.230883940199
0.231066985315
0.231175430823
0.231319193392
0.231454221592
0.231491962287
0.231538323202
0.231649559916
0.232137324342
0.232149628683
0.232202036136
0.2322232901
0.232241536105
0.232245599482
0.232318713133
0.232380578232
0.232403873082
0.232404776776
0.232603026821
0.232645026979
0.232726683816
0.23284847358
0.232976273414
0.233056778337
0.233095433187
0.233382749493
0.233549492442
0.233654788327
0.233673961242
0.233782429412
0.233816203048
0.233900242883
0.233940226177
0.234082914854
0.234090469582
0.23424082904
0.234376178632
0.234436614255
0.23443884137
0.234459258912
0.234503357339
0.234786053432
0.234794182823
0.234847091099
0.234884590272
0.234895036053
0.23500931322
0.235032443684
0.235065860032
0.235172643399
0.235206076482
0.235300768162
0.23535589363
0.235362761861
0.235841561889
0.235851969911
0.236056295055
0.236389429082
0.236451165762
0.236728196421
0.236792262831
0.236832759253
0.236934972933
0.237038738651
0.237434448616
0.237489385473
0.23749894386
0.237581710845
0.237603354505
0.237675238858
0.237680281576
0.237682355216
0.23778709552
0.237792353405
0.238068726263
0.238115164405
0.238138184289
0.238147538278
0.238180600572
0.238260989729
0.238501710638
0.238503062373
0.238516705637
0.238562090736
0.238589682225
0.238721736749
0.238742067478
0.238962670948
0.238979668364
0.238981668696
0.239141742152
0.239180921532
0.239278841266
0.239669084999
0.23979128601
0.239884057691
0.240038761782
0.240287137247
0.240413870172
0.240441700342
0.240505890949
0.240587092789
0.240608710831
0.240629737764
0.240637041574
0.240760267118
0.240795686516
0.241038624589
0.241131693291
0.241313486038
0.241668777518
0.241669116755
0.241957289808
0.241962657798
0.241963085061
0.242142439245
0.24222320578
0.242374283941
0.242406923014
0.242425460891
0.242486890291
0.242532177591
0.2426545925
0.242774951842
0.242777964732
0.242778630233
0.242944867798
0.243074907098
0.243140011868
0.243154184848
0.243193465438
0.243255786433
0.243298344785
0.243449346827
0.243504690969
0.243879447731
0.244117897205
0.24412105495
0.244149981777
0.244152526367
0.244357634567
0.244595941444
0.244660932317
0.244870194551
0.244918358541
0.244940840616
0.245039914475
0.245047478445
0.245060791844
0.245304226534
0.245392327723
0.245472455534
0.245624943211
0.2456250809
0.245749716686
0.24584102901
0.245899455342
0.245969057024
0.246089063206
0.246089103503
0.24622864934
0.24632176109
0.246325652685
0.246373308401
0.246491637954
0.246520175276
0.246703628071
0.246796137073
0.246862027982
0.246869285769
0.247065990187
0.247181498254
0.247357411162
0.24768481839
0.2477362831
0.24782866349
0.247907993216
0.247909591645
0.248027419274
0.248076174275
0.248081233107
0.248285194608
0.248303095516
0.248348675878
0.248357512493
0.248440649737
0.248449719122
0.248756228734
0.248874179496
0.248984006632
0.249075786123
0.249087521949
0.249169954309
0.249267043114
0.249287866362
0.249289523184
0.249295941879
0.249321020152
0.249363590838
0.249443155455
0.249575787378
0.249604242607
0.249632359074
0.249762169
0.249762798337
0.249802238962
0.249854095559
0.249961160279
0.250018448453
0.250107855723
0.250131150427
0.250204138066
0.25020637816
0.250265699332
0.250392211352
0.250412425753
0.250446976479
0.250497550526
0.25058161216
0.25065936882
0.250675648493
0.250855841187
0.250869697024
0.25087327212
0.250912847995
0.250947288541
0.250992251863
0.251081563389
0.251240429135
0.251246975148
0.251264716196
0.251742264761
0.251871994977
0.251903400262
0.251957355986
0.252176350617
0.252366350002
0.252623787992
0.252660924873
0.252708998476
0.252784696862
0.252867051553
0.252979887489
0.253000276155
0.253001369336
0.253106355281
0.253173917578
0.253271580582
0.253426824325
0.253431011459
0.253550833485
0.253556154943
0.253656716575
0.253735391924
0.253866489635
0.253915555361
0.253974033044
0.254001966026
0.254050213592
0.254135259026
0.25419826849
0.254204311185
0.254266330311
0.254267440496
0.25428408044
0.254297471423
0.254385887963
0.254492182308
0.254556507575
0.254558122681
0.254603417909
0.254635000705
0.254702778303
0.255029164947
0.255090584722
0.25509150358
0.255102542905
0.255113675008
0.255205456379
0.255401940591
0.255416705948
0.2555967208
0.255634637623
0.25566296808
0.25573149108
0.255818045774
0.255996377175
0.256033027921
0.256040920466
0.256147223961
0.256171783953
0.256208112663
0.256255634102
0.256338711092
0.256343150693
0.256372148718
0.256410522755
0.256426439266
0.256430767587
0.256536880319
0.25657123445
0.256574325347
0.256589541413
0.256694239616
0.256834216642
0.257018741695
0.257026189595
0.257105999205
0.257170717931
0.257265055043
0.257267942545
0.257353041513
0.25736416282
0.25736634621
0.257483617096
0.257508982789
0.25758472956
0.25761184681
0.257663927104
0.257744779253
0.257775528703
0.257828542961
0.258010453032
0.258237424144
0.258364022681
0.258462542617
0.258573151237
0.258650961852
0.258690854353
0.258699558695
0.258730957959
0.258785100588
0.258831492893
0.258843513552
0.25903989234
0.259224987762
0.259360452753
0.259587776488
0.259651778725
0.259749566517
0.260011684185
0.26004254425
0.260105036428
0.260158337055
0.260262106145
0.26039407546
0.260541770831
0.260603235731
0.26068905381
0.260716986283
0.261075741315
0.26109604848
0.261129165238
0.261166915028
0.261263588478
0.26132790677
0.261511906511
0.261521237395
0.261611916836
0.261699890054
0.261702010858
0.261704999739
0.261718276952
0.261855327365
0.261890845349
0.262059807505
0.262119540343
0.262131271383
0.262204581673
0.262525720513
0.262542696266
0.262582437038
0.262595982508
0.26260506292
0.262683275729
0.262779311382
0.262846642366
0.262864705755
0.262915712794
0.263059236565
0.263133645022
0.263150207849
0.263211890192
0.263302122657
0.263424272003
0.263457613794
0.263577325995
0.26360195472
0.26360976312
0.263613378008
0.263654689696
0.263677695493
0.263695596109
0.263739467717
0.263809434962
0.2638331873
0.263871919063
0.264119727743
0.264204564938
0.264209068379
0.264314245898
0.26440328444
0.264459741272
0.264504007639
0.264539015639
0.264572040928
0.264633945032
0.264940728453
0.264958078638
0.264989762653
0.265177022645
0.265336442462
0.265391155063
0.265470594836
0.265496553325
0.265498619945
0.265529600865
0.265578923238
0.265713424012
0.26573324631
0.265844126363
0.265853374189
0.265944959553
0.265964888447
0.266149670337
0.266156470093
0.266268663277
0.266482081227
0.266482415789
0.266490054007
0.266527918884
0.266572392618
0.266646736763
0.266679314015
0.266725535559
0.266774752072
0.26685761929
0.266911880621
0.266938376261
0.267145030127
0.267265432175
0.267274215129
0.267347829365
0.267361505055
0.26740227728
0.26751726121
0.267529425676
0.267867734789
0.26798314495
0.268000202937
0.268011838396
0.268047344129
0.268116514716
0.268196303904
0.268362141814
0.2686750435
0.268708566541
0.268883873607
0.268993213096
0.269023152865
0.269071573512
0.269093246842
0.269170224449
0.269461147556
0.269585139463
0.269599713267
0.26962101313
0.269690879941
0.269718378614
0.26981684129
0.269880595449
0.270109441974
0.270313633893
0.270478545135
0.270550125378
0.270567218801
0.270652060614
0.270732146357
0.270742408618
0.270971335605
0.271092011168
0.271227292192
0.271236319452
0.271302304094
0.271479072274
0.271557442044
0.27177124893
0.2718097571
0.271948784925
0.272041700118
0.272146180961
0.2721589721
0.272243790105
0.272349720442
0.272387233005
0.272388389611
0.272436402507
0.272505683836
0.272538529599
0.27330045263
0.273351812654
0.273484963595
0.273501435326
0.273579773431
0.27367233846
0.273715099014
0.273788630079
0.273804033834
0.273817215126
0.273822660427
0.273918776455
0.274080902281
0.274104080838
0.274418679198
0.27443890446
0.274489190391
0.274564668897
0.27471341263
0.274880971748
0.274895200761
0.274896525043
0.27497711024
0.274987272488
0.274987855084
0.275200003677
0.275202199393
0.275251826956
0.275375782425
0.275379881685
0.275436856289
0.275766990866
0.27577751864
0.275920699565
0.276211968904
0.276263333162
0.276408265599
0.276681671361
0.276707756808
0.276931034115
0.276995711408
0.277114872433
0.277143498506
0.277199611441
0.277202320576
0.277210968091
0.277221465727
0.277254836893
0.277269588357
0.277347985575
0.277489053901
0.277529345978
0.277657402829
0.277997669675
0.27814612991
0.278238545686
0.278558649564
0.278664267253
0.278814550158
0.278844394173
0.278944280384
0.279439038268
0.279454742465
0.279494370549
0.279511815664
0.27955705856
0.279564095414
0.279612626521
0.279984635189
0.280048345688
0.28035454785
0.280442710851
0.280729935058
0.280824330521
0.280980605846
0.281140853242
0.281197463842
0.281206278648
0.281409798745
0.281526046759
0.281539507093
0.281662433796
0.281666365085
0.28175747142
0.281812555792
0.281844028592
0.282179342184
0.282330635751
0.282333319726
0.282412680268
0.282506165256
0.282552143939
0.282850679188
0.282927830554
0.282931982262
0.282988747832
0.28308271205
0.283090230271
0.283201394236
0.283490309357
0.283627754625
0.283708453779
0.283744162048
0.283870864134
0.283905776675
0.283908781547
0.28397278366
0.284020130063
0.284021934432
0.284055874751
0.284415266782
0.284547104803
0.284704321823
0.284775803677
0.28487449486
0.284887930448
0.284889537367
0.284922578482
0.284924247806
0.284994878741
0.285062492548
0.285659941879
0.285716994041
0.285761852115
0.285827964199
0.286026254111
0.286067032713
0.286266760108
0.286539177122
0.286779580579
0.286898570689
0.28694078185
0.287407903964
0.287439682099
0.28800971716
0.288019221917
0.288148764473
0.288527870371
0.288578141837
0.288582047824
0.28873204762
0.288873358396
0.288898767792
0.289129689263
0.289235565131
0.289263008791
0.289339199422
0.289498668033
0.289685177982
0.289757119139
0.290167887451
0.290438393539
0.290447672784
0.290550608223
0.29070744117
0.290782234481
0.291312514643
0.291361512719
0.291525404107
0.291527420319
0.291613172593
0.291625140996
0.29181094223
0.292901136098
0.293119533358
0.293389692798
0.293393121108
0.29415659539
0.294623125898
0.294700177561
0.294703742079
0.29496140857
0.295050510958
0.295403398269
0.296063288075
0.297090575273
0.297341043578
0.297372139347
0.297532185942
0.297878531874
0.297938085081
0.298328391257
0.298707206141
0.298770589881
0.299205172876
0.299327193709
0.299403928608
0.299596297111
0.301174110808
0.301308474594
0.301435170339
0.301520917589
0.301563796945
0.302420904804
0.302458389909
0.302519580044
0.302633719354
0.303082193333
0.304107801572
0.304264332083
0.306470365097
0.306659281528
0.308370038582
0.30869915765
0.309304078103
0.309718583626
0.310411404038
0.31066450989
0.31118153633
0.311287983635
0.311530784053
0.312814524565
0.312876403128
0.313117039872
0.313236349632
0.314183900209
0.314411484452
0.318645452325
0.322471947965
0.324229348779
0.324732941126
0.324736483643
0.325736167422
0.333039005834
0.335889392967
0.337029654429
0.342249098044
0.345340532352
0
0
0
1
0
0
0
0
0
0
1
0
0
0
0
0
0
1
0
1
0
0
0
0
0
0
0
0
1
0
1
1
0
0
0
0
0
0
0
0
0
0
0
0
1
1
0
0
1
1
0
0
0
0
0
0
0
0
0
1
1
0
0
0
0
1
0
0
0
0
0
0
0
1
0
0
1
0
0
1
1
0
0
0
0
0
0
0
1
0
1
0
1
0
0
0
0
0
0
1
1
1
0
0
0
0
0
0
0
0
0
0
1
0
0
0
0
1
0
1
0
0
1
0
1
0
0
0
0
1
0
1
0
0
0
0
0
0
0
1
1
1
0
1
0
0
1
0
0
0
0
0
0
1
0
0
0
0
1
0
0
0
1
0
0
0
0
0
0
0
0
0
0
0
0
0
0
1
1
0
0
0
1
1
0
0
0
0
0
0
1
0
0
0
0
1
1
1
1
1
0
1
1
0
0
0
0
0
0
0
1
0
1
0
1
0
0
1
0
0
0
1
0
0
1
0
0
1
0
1
1
0
0
0
0
1
1
0
0
0
0
0
0
0
1
0
0
0
1
0
0
0
1
1
0
1
0
0
0
0
0
0
0
0
0
0
0
0
0
1
0
1
1
0
0
0
1
0
0
0
0
0
0
0
0
1
0
1
0
0
1
0
0
0
0
1
0
1
0
0
0
0
1
0
1
0
0
0
0
0
1
1
0
1
0
1
1
1
0
1
0
0
0
0
0
0
0
1
0
1
0
0
0
1
1
0
0
0
1
1
0
0
0
1
1
0
1
0
1
0
0
1
0
1
0
0
0
1
0
0
1
1
0
0
0
1
0
0
1
0
0
0
0
1
1
1
0
0
0
1
0
0
0
0
1
0
0
1
0
1
0
0
0
0
0
1
0
0
1
1
0
1
0
0
0
0
0
1
0
0
0
1
0
0
0
0
1
1
0
1
0
1
0
0
0
0
0
1
1
1
0
0
0
0
0
1
0
1
1
0
0
0
0
0
0
0
0
0
0
0
1
0
0
0
0
0
0
0
1
0
0
0
0
0
0
0
0
0
0
0
1
0
0
0
0
0
0
0
1
0
1
0
0
0
0
1
0
0
1
0
1
0
1
0
0
1
0
1
0
0
0
0
0
0
0
0
0
0
0
0
0
0
0
0
1
1
1
0
1
1
0
0
0
1
1
1
0
1
0
0
0
0
0
1
0
0
0
0
0
0
1
0
0
0
1
1
1
0
1
0
0
0
0
1
0
1
0
0
0
0
0
0
0
1
0
0
0
0
1
0
0
0
0
0
0
0
0
0
0
1
0
0
0
0
0
0
0
0
0
1
0
0
0
0
0
0
1
0
0
1
1
0
0
1
1
0
0
0
0
0
0
0
0
1
0
1
1
1
0
1
0
1
0
0
0
0
0
1
0
0
0
1
0
1
0
0
0
0
0
0
0
1
1
0
0
0
1
1
0
1
1
1
1
0
0
0
0
0
1
1
0
1
0
0
1
1
0
0
0
0
0
0
0
0
0
0
0
0
1
1
1
0
0
0
0
0
0
0
0
0
1
0
1
1
0
0
1
0
0
0
1
1
0
1
1
1
0
1
1
1
0
1
0
1
0
0
0
0
1
0
1
1
0
0
0
0
0
0
0
0
1
0
0
1
0
0
1
0
0
1
0
0
0
0
0
0
1
1
0
1
0
1
0
1
0
0
1
0
1
1
1
0
1
0
0
1
0
1
0
1
0
1
0
1
1
0
1
0
0
0
1
1
1
0
0
0
1
1
1
0
1
1
0
1
1
1
0
1
0
0
0
0
1
0
0
0
0
1
0
1
0
0
0
0
0
0
0
1
0
1
0
0
0
1
1
1
1
0
1
0
0
0
0
0
1
0
1
0
0
0
1
0
1
1
1
0
1
0
0
0
0
1
0
0
0
0
0
0
0
0
1
1
0
1
0
0
0
0
0
0
0
0
1
1
0
0
0
0
0
0
0
1
0
0
0
1
1
0
0
0
1
0
0
0
0
0
1
1
0
1
0
1
1
1
1
1
1
1
0
0
0
1
0
1
1
0
0
1
0
0
1
1
1
1
1
1
1
1
1
0
0
1
1
1
0
1
0
0
0
1
1
0
1
0
0
1
0
1
0
1
0
1
0
1
1
1
0
1
0
0
1
1
0
0
0
1
0
0
0
1
0
0
1
0
1
0
1
0
0
0
0
0
1
1
0
1
1
0
1
0
1
1
1
1
1
1
0
1
1
1
