0.732539923186
[0.         0.00163399 0.01143791 0.01143791 0.0130719  0.0130719
 0.01797386 0.01797386 0.03104575 0.03104575 0.03431373 0.03431373
 0.04248366 0.04248366 0.04575163 0.04575163 0.05065359 0.05065359
 0.05228758 0.05228758 0.05718954 0.05718954 0.05882353 0.05882353
 0.06045752 0.06045752 0.06535948 0.06535948 0.07189542 0.07189542
 0.0751634  0.0751634  0.07679739 0.07679739 0.07843137 0.07843137
 0.08333333 0.08333333 0.08660131 0.08660131 0.08823529 0.08823529
 0.09313725 0.09313725 0.09640523 0.09640523 0.09803922 0.09803922
 0.0996732  0.0996732  0.10130719 0.10130719 0.10294118 0.10294118
 0.10620915 0.10620915 0.10784314 0.10784314 0.1127451  0.1127451
 0.11437908 0.11437908 0.11601307 0.11601307 0.11764706 0.11764706
 0.12254902 0.12254902 0.12418301 0.12418301 0.12581699 0.12581699
 0.13071895 0.13071895 0.13235294 0.13235294 0.13398693 0.13398693
 0.13562092 0.13562092 0.1372549  0.1372549  0.13888889 0.13888889
 0.14052288 0.14052288 0.14215686 0.14215686 0.14379085 0.14379085
 0.14542484 0.14542484 0.14705882 0.14705882 0.1503268  0.1503268
 0.15196078 0.15196078 0.15359477 0.15359477 0.15686275 0.15686275
 0.15849673 0.15849673 0.16176471 0.16176471 0.16339869 0.16339869
 0.16666667 0.16666667 0.16830065 0.16830065 0.16993464 0.16993464
 0.17156863 0.17156863 0.1748366  0.1748366  0.17647059 0.17647059
 0.17810458 0.17810458 0.17973856 0.17973856 0.18300654 0.18300654
 0.1879085  0.1879085  0.18954248 0.18954248 0.19117647 0.19117647
 0.19281046 0.19281046 0.19444444 0.19444444 0.19607843 0.19607843
 0.19934641 0.19934641 0.20261438 0.20261438 0.20424837 0.20424837
 0.20751634 0.20751634 0.20915033 0.20915033 0.21078431 0.21078431
 0.2124183  0.2124183  0.21568627 0.21568627 0.21732026 0.21732026
 0.21895425 0.21895425 0.22058824 0.22058824 0.2254902  0.2254902
 0.23366013 0.23366013 0.23529412 0.23529412 0.2369281  0.2369281
 0.23856209 0.23856209 0.24019608 0.24019608 0.24673203 0.24673203
 0.24836601 0.24836601 0.25       0.25       0.25163399 0.25163399
 0.25326797 0.25326797 0.25653595 0.25653595 0.25980392 0.25980392
 0.2630719  0.2630719  0.26797386 0.26797386 0.27287582 0.27287582
 0.27941176 0.27941176 0.28267974 0.28267974 0.28431373 0.28431373
 0.28594771 0.28594771 0.2875817  0.2875817  0.28921569 0.28921569
 0.29248366 0.29248366 0.29738562 0.29738562 0.30392157 0.30392157
 0.30882353 0.30882353 0.31045752 0.31045752 0.3120915  0.3120915
 0.31372549 0.31372549 0.31535948 0.31535948 0.31699346 0.31699346
 0.32189542 0.32189542 0.33006536 0.33006536 0.33823529 0.33823529
 0.33986928 0.33986928 0.34477124 0.34477124 0.3496732  0.3496732
 0.35294118 0.35294118 0.35457516 0.35457516 0.35784314 0.35784314
 0.35947712 0.35947712 0.36111111 0.36111111 0.3627451  0.3627451
 0.36437908 0.36437908 0.37581699 0.37581699 0.38235294 0.38235294
 0.38562092 0.38562092 0.3872549  0.3872549  0.39215686 0.39215686
 0.4003268  0.4003268  0.40196078 0.40196078 0.40359477 0.40359477
 0.40522876 0.40522876 0.40686275 0.40686275 0.40849673 0.40849673
 0.41013072 0.41013072 0.41176471 0.41176471 0.41339869 0.41339869
 0.42156863 0.42156863 0.42320261 0.42320261 0.4248366  0.4248366
 0.42647059 0.42647059 0.43137255 0.43137255 0.43300654 0.43300654
 0.44117647 0.44117647 0.45098039 0.45098039 0.45424837 0.45424837
 0.45588235 0.45588235 0.46732026 0.46732026 0.47385621 0.47385621
 0.4754902  0.4754902  0.48039216 0.48039216 0.48202614 0.48202614
 0.48366013 0.48366013 0.49019608 0.49019608 0.50326797 0.50326797
 0.50490196 0.50490196 0.51143791 0.51143791 0.52777778 0.52777778
 0.53431373 0.53431373 0.5375817  0.5375817  0.53921569 0.53921569
 0.54575163 0.54575163 0.54738562 0.54738562 0.54901961 0.54901961
 0.57026144 0.57026144 0.57843137 0.57843137 0.58496732 0.58496732
 0.58660131 0.58660131 0.59313725 0.59313725 0.59477124 0.59477124
 0.60294118 0.60294118 0.61111111 0.61111111 0.61928105 0.61928105
 0.62581699 0.62581699 0.63235294 0.63235294 0.64052288 0.64052288
 0.64379085 0.64379085 0.64542484 0.64542484 0.64869281 0.64869281
 0.65359477 0.65359477 0.67320261 0.67320261 0.69607843 0.69607843
 0.7124183  0.7124183  0.72385621 0.72385621 0.73366013 0.73366013
 0.73856209 0.73856209 0.76960784 0.76960784 0.79248366 0.79248366
 0.88398693 0.88398693 0.90849673 0.90849673 0.94444444 0.94444444
 0.94934641 0.94934641 0.97385621 0.97385621 1.        ]
[0.         0.         0.         0.00257732 0.00257732 0.00515464
 0.00515464 0.01030928 0.01030928 0.0128866  0.0128866  0.01546392
 0.01546392 0.01804124 0.01804124 0.02061856 0.02061856 0.02319588
 0.02319588 0.0257732  0.0257732  0.03092784 0.03092784 0.03350515
 0.03350515 0.03608247 0.03608247 0.03865979 0.03865979 0.04381443
 0.04381443 0.04639175 0.04639175 0.04896907 0.04896907 0.05154639
 0.05154639 0.06443299 0.06443299 0.06701031 0.06701031 0.06958763
 0.06958763 0.07731959 0.07731959 0.07989691 0.07989691 0.08247423
 0.08247423 0.11082474 0.11082474 0.11340206 0.11340206 0.11597938
 0.11597938 0.12113402 0.12113402 0.12371134 0.12371134 0.1314433
 0.1314433  0.13659794 0.13659794 0.14175258 0.14175258 0.15206186
 0.15206186 0.15463918 0.15463918 0.15721649 0.15721649 0.18298969
 0.18298969 0.18814433 0.18814433 0.19329897 0.19329897 0.20103093
 0.20103093 0.20618557 0.20618557 0.21134021 0.21134021 0.22680412
 0.22680412 0.23195876 0.23195876 0.2371134  0.2371134  0.23969072
 0.23969072 0.25       0.25       0.27061856 0.27061856 0.27835052
 0.27835052 0.28092784 0.28092784 0.28608247 0.28608247 0.30154639
 0.30154639 0.30670103 0.30670103 0.30927835 0.30927835 0.32474227
 0.32474227 0.33505155 0.33505155 0.34278351 0.34278351 0.35824742
 0.35824742 0.36082474 0.36082474 0.36597938 0.36597938 0.37886598
 0.37886598 0.3814433  0.3814433  0.38917526 0.38917526 0.39948454
 0.39948454 0.40721649 0.40721649 0.41494845 0.41494845 0.42525773
 0.42525773 0.42783505 0.42783505 0.43041237 0.43041237 0.43298969
 0.43298969 0.43814433 0.43814433 0.44072165 0.44072165 0.44587629
 0.44587629 0.45103093 0.45103093 0.45618557 0.45618557 0.48195876
 0.48195876 0.49226804 0.49226804 0.49484536 0.49484536 0.50515464
 0.50515464 0.51546392 0.51546392 0.5257732  0.5257732  0.52835052
 0.52835052 0.53608247 0.53608247 0.55154639 0.55154639 0.56185567
 0.56185567 0.56443299 0.56443299 0.56701031 0.56701031 0.56958763
 0.56958763 0.57989691 0.57989691 0.58505155 0.58505155 0.60309278
 0.60309278 0.60824742 0.60824742 0.61082474 0.61082474 0.63402062
 0.63402062 0.65206186 0.65206186 0.65463918 0.65463918 0.65721649
 0.65721649 0.65979381 0.65979381 0.68041237 0.68041237 0.68814433
 0.68814433 0.69072165 0.69072165 0.69329897 0.69329897 0.69845361
 0.69845361 0.70360825 0.70360825 0.70618557 0.70618557 0.70876289
 0.70876289 0.71391753 0.71391753 0.71649485 0.71649485 0.71907216
 0.71907216 0.72164948 0.72164948 0.73195876 0.73195876 0.73453608
 0.73453608 0.7371134  0.7371134  0.74226804 0.74226804 0.74484536
 0.74484536 0.75257732 0.75257732 0.75773196 0.75773196 0.76030928
 0.76030928 0.7628866  0.7628866  0.76546392 0.76546392 0.76804124
 0.76804124 0.7757732  0.7757732  0.77835052 0.77835052 0.78092784
 0.78092784 0.78350515 0.78350515 0.78608247 0.78608247 0.78865979
 0.78865979 0.79123711 0.79123711 0.79381443 0.79381443 0.79639175
 0.79639175 0.79896907 0.79896907 0.80154639 0.80154639 0.80412371
 0.80412371 0.80670103 0.80670103 0.80927835 0.80927835 0.81185567
 0.81185567 0.81701031 0.81701031 0.81958763 0.81958763 0.82216495
 0.82216495 0.82474227 0.82474227 0.82731959 0.82731959 0.83247423
 0.83247423 0.83505155 0.83505155 0.83762887 0.83762887 0.84020619
 0.84020619 0.84278351 0.84278351 0.84536082 0.84536082 0.85824742
 0.85824742 0.86082474 0.86082474 0.86597938 0.86597938 0.8685567
 0.8685567  0.87628866 0.87628866 0.87886598 0.87886598 0.8814433
 0.8814433  0.88402062 0.88402062 0.88659794 0.88659794 0.89175258
 0.89175258 0.8943299  0.8943299  0.89690722 0.89690722 0.89948454
 0.89948454 0.90206186 0.90206186 0.90463918 0.90463918 0.90721649
 0.90721649 0.91237113 0.91237113 0.91494845 0.91494845 0.91752577
 0.91752577 0.92010309 0.92010309 0.92268041 0.92268041 0.92525773
 0.92525773 0.93041237 0.93041237 0.93298969 0.93298969 0.93556701
 0.93556701 0.94329897 0.94329897 0.94587629 0.94587629 0.94845361
 0.94845361 0.95103093 0.95103093 0.95360825 0.95360825 0.95618557
 0.95618557 0.95876289 0.95876289 0.96134021 0.96134021 0.96391753
 0.96391753 0.96649485 0.96649485 0.96907216 0.96907216 0.97164948
 0.97164948 0.9742268  0.9742268  0.97680412 0.97680412 0.97938144
 0.97938144 0.98195876 0.98195876 0.98453608 0.98453608 0.9871134
 0.9871134  0.98969072 0.98969072 0.99226804 0.99226804 0.99484536
 0.99484536 0.99742268 0.99742268 1.         1.        ]
thresholds
[1.99691972 0.99691972 0.99412205 0.99409333 0.99318941 0.99233746
 0.99025624 0.98946693 0.98733521 0.98705704 0.986774   0.98586017
 0.98476702 0.98461532 0.98426338 0.98412655 0.98285217 0.98245717
 0.9812321  0.98112923 0.9802078  0.97999067 0.97998254 0.97975377
 0.97962209 0.97941939 0.97517768 0.97490445 0.97329372 0.97285171
 0.97233977 0.97231863 0.97209596 0.97068739 0.97058794 0.97045777
 0.96968391 0.96761249 0.9668597  0.96667326 0.96612636 0.96608812
 0.96543584 0.96247868 0.9613759  0.96082337 0.95985527 0.9597379
 0.9590362  0.95203463 0.95096469 0.95080812 0.95055157 0.94997049
 0.9483052  0.94661351 0.94647963 0.9458653  0.94539718 0.94262259
 0.94161974 0.93703398 0.93538534 0.93450029 0.93426627 0.93329485
 0.93183295 0.93018917 0.9274879  0.92748238 0.92696112 0.91625308
 0.91201825 0.91109163 0.91098311 0.90941588 0.90905179 0.90775343
 0.90764225 0.90482504 0.90452318 0.90342146 0.90232662 0.89818996
 0.89742923 0.89554604 0.89516088 0.89060909 0.88903087 0.88810998
 0.88780946 0.88384804 0.88376684 0.87970377 0.87691572 0.87300703
 0.87176667 0.86955503 0.86793727 0.86659129 0.86556992 0.86000804
 0.85983208 0.85075137 0.85022408 0.8489701  0.84890196 0.84243559
 0.84152287 0.83795109 0.83721347 0.8351713  0.83447961 0.8324025
 0.83117283 0.82896271 0.82847078 0.82652731 0.82633289 0.82023288
 0.82018015 0.81962957 0.81959257 0.81670955 0.81477641 0.81016408
 0.80508766 0.80278899 0.80223787 0.797578   0.79707105 0.79256519
 0.79227423 0.79020653 0.78905423 0.78694366 0.78525932 0.78317175
 0.78007795 0.77700674 0.7756004  0.77389464 0.77302301 0.77105795
 0.77025471 0.76787764 0.76436348 0.76416869 0.76290399 0.75188934
 0.75170599 0.74562141 0.74455414 0.74253679 0.74092865 0.73033536
 0.72828118 0.71736844 0.71696881 0.71129837 0.70247131 0.70229211
 0.69547451 0.69368618 0.69174937 0.68348178 0.68181041 0.67736286
 0.67682046 0.67621277 0.66777531 0.66743479 0.66115192 0.66045788
 0.66045115 0.65593006 0.65282361 0.64995178 0.64922562 0.63693293
 0.6363024  0.6335599  0.63207666 0.62783519 0.6266456  0.61159687
 0.60667269 0.59659263 0.59173657 0.58992142 0.58722489 0.58715667
 0.58436409 0.58365675 0.58112883 0.5579728  0.55686245 0.55545798
 0.55411311 0.55218382 0.55129291 0.54981195 0.54823887 0.54587948
 0.54433791 0.54204172 0.53671708 0.53665085 0.52984463 0.52913277
 0.52642179 0.52429327 0.52411956 0.52207696 0.52167092 0.52087232
 0.52084941 0.52003001 0.51925395 0.51116565 0.51064979 0.50851685
 0.50634874 0.50435153 0.49289657 0.49191946 0.48645766 0.48311019
 0.48229815 0.4774976  0.47603058 0.47409773 0.46988584 0.4690671
 0.46381456 0.46054513 0.45865656 0.45692377 0.45085758 0.45023882
 0.45014765 0.4476686  0.44686204 0.44504515 0.44502974 0.44498487
 0.44432728 0.44370776 0.43794982 0.43707651 0.4295769  0.42812803
 0.42552931 0.42321766 0.4229462  0.42231766 0.42169319 0.42110205
 0.41568291 0.41481482 0.41447291 0.4138771  0.41202575 0.40910765
 0.40894505 0.40877168 0.40872165 0.40826482 0.40772411 0.40093823
 0.40052508 0.39668881 0.39635195 0.3958288  0.39582839 0.39502221
 0.38876328 0.38680508 0.38637751 0.38388696 0.38381528 0.38064254
 0.37821644 0.37733782 0.3737447  0.3721597  0.36981432 0.36732483
 0.35926997 0.35684285 0.34830783 0.34514384 0.33770494 0.33283056
 0.33228005 0.33112424 0.32536714 0.32298127 0.31805297 0.31666076
 0.31526089 0.30874925 0.30480852 0.30303609 0.29883782 0.2987682
 0.29747486 0.29705605 0.2918615  0.29157258 0.28083517 0.27887162
 0.27872678 0.27848619 0.27336956 0.27264257 0.26515925 0.26379957
 0.25855317 0.25717127 0.25636019 0.25488486 0.25328323 0.25304948
 0.24723193 0.2464614  0.24623947 0.24457552 0.2443737  0.24261342
 0.23024425 0.22926436 0.22547811 0.22544569 0.22164111 0.22121953
 0.22045315 0.21818828 0.2142736  0.21425747 0.21366405 0.2124212
 0.21006259 0.20788125 0.20380617 0.20365924 0.19801783 0.1961406
 0.1923194  0.19141687 0.18941073 0.18935371 0.18837849 0.18820536
 0.18493471 0.18482068 0.18365761 0.18365486 0.17962828 0.17956279
 0.17745414 0.1772049  0.16979792 0.16762803 0.15755472 0.15706459
 0.15105459 0.15034542 0.14331341 0.1423824  0.13771474 0.13684752
 0.13359009 0.13282887 0.11984142 0.11960857 0.10740606 0.10685227
 0.06247842 0.06093732 0.05134678 0.05029004 0.03998883 0.03991013
 0.03702579 0.03690526 0.02767216 0.02722457 0.01235647]
minX :0.316993,  minY: 0.734536, mindist:0.413468, Threshold = 0.508517 
maxX :0.364379,  maxY: 0.783505, maxYoudenIndex:0.419126, ThresholdYouden = 0.443708 
maxX :0.000000,  maxY: 0.000000, maxIntercept:0.990000, thresholdIso = 0.000000 
Gender time: 0.026431 acc. 0.700000 select_1 0.484000 preY:1000.000000 testY:1000.000000 testX:1000.000000 select_2 0.516000
