0.508373366065
[0.         0.00120627 0.00120627 0.013269   0.013269   0.01688782
 0.01688782 0.02050663 0.02050663 0.02533172 0.02533172 0.03015682
 0.03015682 0.03256936 0.03256936 0.03377563 0.03377563 0.039807
 0.039807   0.04101327 0.04101327 0.05066345 0.05066345 0.05790109
 0.05790109 0.07599517 0.07599517 0.07961399 0.07961399 0.08323281
 0.08323281 0.09770808 0.09770808 0.10373945 0.10373945 0.10494572
 0.10494572 0.10977081 0.10977081 0.11218335 0.11218335 0.1278649
 0.1278649  0.12907117 0.12907117 0.1495778  0.1495778  0.15078408
 0.15078408 0.15560917 0.1628468  0.98190591 0.99155609 0.99155609
 1.        ]
[0.         0.         0.00584795 0.00584795 0.01169591 0.01169591
 0.01754386 0.01754386 0.02339181 0.02339181 0.02923977 0.02923977
 0.03508772 0.03508772 0.04093567 0.04093567 0.04678363 0.04678363
 0.05263158 0.05263158 0.05847953 0.05847953 0.06432749 0.06432749
 0.07017544 0.07017544 0.07602339 0.07602339 0.08187135 0.08187135
 0.0877193  0.0877193  0.09356725 0.09356725 0.0994152  0.0994152
 0.11111111 0.11111111 0.12280702 0.12280702 0.12865497 0.12865497
 0.13450292 0.13450292 0.14035088 0.14035088 0.14619883 0.14619883
 0.15789474 0.15789474 0.16959064 0.99415205 0.99415205 1.
 1.        ]
thresholds
[1.35785029 0.35785029 0.35785029 0.35781848 0.35781612 0.35706932
 0.35488698 0.33254152 0.30429363 0.23878061 0.22219318 0.22217373
 0.22217225 0.22188393 0.22175801 0.2214028  0.21924701 0.20588214
 0.20545247 0.20460388 0.20459602 0.20445173 0.20445098 0.20443513
 0.20222685 0.1500947  0.15003545 0.15001922 0.15000994 0.15000178
 0.15000136 0.15000106 0.15000106 0.15000106 0.15000106 0.15000106
 0.15000106 0.15000106 0.15000106 0.15000106 0.15000106 0.15000106
 0.15000106 0.15000106 0.15000106 0.15000106 0.15000106 0.15000106
 0.15000106 0.15000106 0.15000106 0.15000106 0.14659711 0.14041086
 0.1322601 ]
minX :0.162847,  minY: 0.169591, mindist:0.846226, Threshold = 0.150001, minI =50 , fpr[min]=0.162847, tpr[min]=0.169591, false detection value= 135.000000, true detection value =29.000000 
Gender time: 0.010987 acc. 0.829000 select_1 0.000000 preY:1000.000000 testY:1000.000000 testX:1000.000000 select_2 1.000000
