[0.37279712]
[0.37279712]
[0.51818054]
[0.51818054]
[0.73753449]
[0.59215106]
[0.59215106]
[0.51818054]
[0.73753449]
[0.73753449]
[0.37279712]
[0.52575686]
[0.58457474]
[0.59215106]
[0.73753449]
[0.51818054]
[0.51818054]
[0.59215106]
[0.73753449]
[0.43919131]
[0.52575686]
[0.43919131]
[0.67114029]
[0.52575686]
[0.58457474]
[0.73753449]
[0.73753449]
[0.73753449]
[0.52575686]
[0.67114029]
[0.43919131]
[0.59215106]
[0.58457474]
[0.51818054]
[0.73753449]
[0.73753449]
[0.73753449]
[0.52575686]
[0.73753449]
[0.37279712]
[0.59215106]
[0.52575686]
[0.52575686]
[0.52575686]
[0.67114029]
[0.67114029]
[0.73753449]
[0.73753449]
[0.43919131]
[0.59215106]
[0.37279712]
[0.43919131]
[0.58457474]
[0.67114029]
[0.58457474]
[0.43919131]
[0.52575686]
[0.73753449]
[0.73753449]
[0.52575686]
[0.43919131]
[0.51818054]
[0.37279712]
[0.73753449]
[0.51818054]
[0.58457474]
[0.73753449]
[0.58457474]
[0.43919131]
[0.73753449]
[0.51818054]
[0.51818054]
[0.43919131]
[0.52575686]
[0.37279712]
[0.59215106]
[0.73753449]
[0.52575686]
[0.51818054]
[0.59215106]
[0.58457474]
[0.73753449]
[0.51818054]
[0.59215106]
[0.67114029]
[0.58457474]
[0.51818054]
[0.73753449]
[0.58457474]
[0.52575686]
[0.52575686]
[0.59215106]
[0.67114029]
[0.52575686]
[0.73753449]
[0.73753449]
[0.73753449]
[0.59215106]
[0.67114029]
[0.73753449]
[0.67114029]
[0.73753449]
[0.58457474]
[0.73753449]
[0.59215106]
[0.37279712]
[0.51818054]
[0.52575686]
[0.73753449]
[0.59215106]
[0.67114029]
[0.51818054]
[0.58457474]
[0.73753449]
[0.51818054]
[0.73753449]
[0.37279712]
[0.52575686]
[0.58457474]
[0.67114029]
[0.73753449]
[0.59215106]
[0.58457474]
[0.67114029]
[0.73753449]
[0.67114029]
[0.43919131]
[0.51818054]
[0.52575686]
[0.58457474]
[0.37279712]
[0.52575686]
[0.67114029]
[0.73753449]
[0.67114029]
[0.58457474]
[0.73753449]
[0.58457474]
[0.52575686]
[0.59215106]
[0.51818054]
[0.73753449]
[0.67114029]
[0.51818054]
[0.73753449]
[0.37279712]
[0.37279712]
[0.37279712]
[0.37279712]
[0.59215106]
[0.73753449]
[0.73753449]
[0.73753449]
[0.37279712]
[0.73753449]
[0.37279712]
[0.73753449]
[0.67114029]
[0.67114029]
[0.67114029]
[0.73753449]
[0.58457474]
[0.58457474]
[0.58457474]
[0.59215106]
[0.59215106]
[0.59215106]
[0.52575686]
[0.67114029]
[0.37279712]
[0.67114029]
[0.51818054]
[0.67114029]
[0.43919131]
[0.52575686]
[0.73753449]
[0.37279712]
[0.58457474]
[0.67114029]
[0.73753449]
[0.43919131]
[0.59215106]
[0.73753449]
[0.67114029]
[0.73753449]
[0.59215106]
[0.73753449]
[0.58457474]
[0.37279712]
[0.52575686]
[0.43919131]
[0.59215106]
[0.58457474]
[0.73753449]
[0.73753449]
[0.59215106]
[0.67114029]
[0.52575686]
[0.73753449]
[0.52575686]
[1.19721342e-15]
[3.18222807e-16]
[5.14936615e-30]
[2.19071732e-21]
[2.93617464e-29]
[4.4546158e-41]
[2.21726491e-06]
[0.0050617]
[3.73236479e-30]
[6.50397555e-29]
[2.23927761e-15]
[2.37231726e-24]
[8.30465247e-28]
[2.19078307e-22]
[3.33561765e-28]
[1.10117579e-24]
[3.8619853e-23]
[1.82443825e-27]
[1.41980553e-22]
[9.41530911e-33]
[1.17945062e-13]
[4.28415282e-32]
[3.86419878e-29]
[6.06930596e-23]
[1.12956316e-33]
[2.37754946e-13]
[5.8997129e-10]
[4.01618982e-32]
[1.48348628e-23]
[4.79607339e-28]
[1.86578996e-31]
[1.99346358e-18]
[8.5412658e-19]
[2.4500538e-17]
[1.78511802e-38]
[9.8312506e-28]
[1.26969741e-30]
[3.80542226e-22]
[2.64284574e-26]
[2.03573809e-25]
[2.02715246e-53]
[4.68288179e-35]
[2.13686295e-27]
[5.83140963e-10]
[7.28065145e-32]
[1.71054459e-33]
[1.80109882e-18]
[3.31584159e-29]
[2.64466582e-25]
[5.14179041e-33]
[1.10316621e-26]
[3.29192963e-21]
[5.59050201e-33]
[7.15832251e-26]
[6.30937184e-25]
[2.44775297e-28]
[1.4905983e-25]
[6.40909686e-23]
[2.20589716e-10]
[4.55854937e-36]
[3.80617778e-10]
[4.58641076e-29]
[1.96638174e-40]
[2.42565868e-20]
[3.03506861e-13]
[6.72962921e-25]
[1.98625778e-23]
[6.5837384e-16]
[3.42049847e-27]
[1.97536605e-20]
[1.41680725e-20]
[1.08926777e-32]
[2.16523541e-25]
[9.09979507e-13]
[1.25262122e-34]
[3.24446916e-28]
[3.73570801e-27]
[5.35205498e-26]
[4.76962627e-29]
[9.30807406e-11]
[2.24040692e-25]
[4.76389904e-25]
[0.00581011]
[5.67661676e-41]
[5.53478468e-19]
[3.15127804e-26]
[5.10428177e-27]
[1.42749294e-20]
[1.8989881e-20]
[1.68389748e-24]
[1.91390356e-25]
[6.28795089e-30]
[9.95733192e-33]
[2.56156747e-24]
[3.79776961e-27]
[2.57901638e-21]
[1.02289671e-26]
[1.84619736e-26]
[6.13622985e-23]
[9.28906278e-22]
[1.80290729e-12]
[1.22520556e-07]
[1.20176447e-18]
[3.16507081e-19]
[2.57292832e-29]
[1.14972857e-28]
[1.36289822e-26]
[2.40714589e-07]
[1.63253496e-26]
[1.72861914e-41]
[5.1367393e-15]
[2.97187145e-15]
[6.17250247e-23]
[2.08675836e-24]
[1.30075076e-08]
[5.47468193e-26]
[1.03470133e-13]
[2.21096701e-29]
[1.46840686e-13]
[1.45601306e-31]
[5.34656249e-20]
[0.12519702]
[9.49963554e-32]
[0.00048716]
[4.03286696e-27]
[4.68541358e-30]
[8.67756352e-17]
[5.63547353e-30]
[7.62355506e-25]
[2.29680867e-23]
[1.997029e-37]
[2.2657559e-25]
[6.74183641e-25]
[1.0858077e-21]
[1.80292617e-21]
[1.01497813e-33]
[2.35124185e-29]
[4.49963331e-14]
[7.21851604e-30]
[1.59466745e-28]
[2.24174569e-13]
[1.25950359e-25]
[1.2855557e-36]
[7.86793944e-20]
[1.11485438e-24]
[8.12589969e-16]
[7.40080689e-33]
[4.52631025e-07]
[6.50988686e-26]
[1.69023354e-35]
[4.93312915e-32]
[5.41555508e-27]
[6.69119933e-21]
[3.11197627e-24]
[1.68401117e-19]
[1.37579132e-22]
[4.76938273e-33]
[4.86054912e-14]
[1.09029363e-26]
[2.56573151e-28]
[2.41811225e-28]
[7.69434003e-26]
[5.12545136e-27]
[1.78202193e-26]
[9.73206762e-22]
[6.48728982e-30]
[1.10496461e-20]
[5.01861223e-21]
[2.05267479e-23]
[7.7002978e-34]
[3.57895545e-17]
[7.89004211e-25]
[1.05816297e-11]
[4.4266996e-28]
[1.17282304e-21]
[4.05651112e-30]
[1.23579079e-13]
[1.04203596e-34]
[2.42697669e-35]
[1.57487037e-29]
[2.98076663e-25]
[1.38192572e-35]
[1.86312472e-17]
[1.38770553e-16]
[3.45750279e-37]
[3.59427017e-27]
[1.96998994e-24]
[1.85930214e-22]
[3.40695752e-15]
[1.07297826e-25]
[4.39740417e-39]
[1.50247182e-27]
[1.37584914e-35]
[2.17240187e-20]
[8.33574634e-28]
[6.61935628e-33]
[1.4502159e-32]
[1.29066662e-18]
[9.37192883e-29]
[4.44214566e-21]
size of answer set : 2
real F1 : 0.000000
size of answer set : 3
real F1 : 0.000000
time bound completed:8
size of answer set : 4
real F1 : 0.000000
time bound completed:12
size of answer set : 7
real F1 : 0.000000
time bound completed:16
size of answer set : 11
real F1 : 0.000000
time bound completed:20
size of answer set : 17
real F1 : 0.062500
time bound completed:24
size of answer set : 20
real F1 : 0.057143
time bound completed:28
size of answer set : 26
real F1 : 0.097561
time bound completed:32
size of answer set : 31
real F1 : 0.130435
time bound completed:36
size of answer set : 30
real F1 : 0.133333
time bound completed:40
size of answer set : 24
real F1 : 0.102564
time bound completed:44
budget values : [0, 4, 8, 12, 16, 20, 24, 28, 32, 36, 40] 
f1 measures : [0, 0, 0, 0, 0, 0.0625, 0.05714285714285715, 0.0975609756097561, 0.13043478260869568, 0.13333333333333333, 0.10256410256410255] 
Workflow : [<function genderPredicate3 at 0x1156fbc08>, <function genderPredicate1 at 0x1156fbb90>, <function genderPredicate7 at 0x1156fbcf8>] 
Workflow : [<function expressionPredicate1 at 0x1156fbd70>, <function expressionPredicate3 at 0x1156fbde8>, <function expressionPredicate7 at 0x1156fbed8>] 
Time taken: 39.418174
