0.744697965097
[0.         0.00163399 0.01470588 0.01470588 0.01633987 0.01633987
 0.0245098  0.0245098  0.03104575 0.03104575 0.03594771 0.03594771
 0.03921569 0.03921569 0.04084967 0.04084967 0.05065359 0.05065359
 0.05555556 0.05555556 0.06372549 0.06372549 0.06862745 0.06862745
 0.07026144 0.07026144 0.07189542 0.07189542 0.0751634  0.0751634
 0.07679739 0.07679739 0.07843137 0.07843137 0.08006536 0.08006536
 0.08660131 0.08660131 0.08823529 0.08823529 0.08986928 0.08986928
 0.09313725 0.09313725 0.09640523 0.09640523 0.09803922 0.09803922
 0.0996732  0.0996732  0.10294118 0.10294118 0.11111111 0.11111111
 0.1127451  0.1127451  0.11764706 0.11764706 0.12091503 0.12091503
 0.12254902 0.12254902 0.12581699 0.12581699 0.12908497 0.12908497
 0.13071895 0.13071895 0.13398693 0.13398693 0.13562092 0.13562092
 0.14052288 0.14052288 0.14215686 0.14215686 0.14379085 0.14379085
 0.14705882 0.14705882 0.14869281 0.14869281 0.1503268  0.1503268
 0.15359477 0.15359477 0.15522876 0.15522876 0.15686275 0.15686275
 0.15849673 0.15849673 0.16013072 0.16013072 0.16176471 0.16176471
 0.16666667 0.16666667 0.16830065 0.16830065 0.16993464 0.16993464
 0.17320261 0.17320261 0.1748366  0.1748366  0.17647059 0.17647059
 0.17973856 0.17973856 0.18300654 0.18300654 0.18464052 0.18464052
 0.18627451 0.18627451 0.1879085  0.1879085  0.19117647 0.19117647
 0.19444444 0.19444444 0.19771242 0.19771242 0.19934641 0.19934641
 0.20098039 0.20098039 0.20424837 0.20424837 0.20588235 0.20588235
 0.20751634 0.20751634 0.20915033 0.20915033 0.21078431 0.21078431
 0.2124183  0.2124183  0.21405229 0.21405229 0.21732026 0.21732026
 0.21895425 0.21895425 0.22058824 0.22058824 0.22222222 0.22222222
 0.22385621 0.22385621 0.22712418 0.22712418 0.22875817 0.22875817
 0.23039216 0.23039216 0.2369281  0.2369281  0.24183007 0.24183007
 0.25       0.25       0.25163399 0.25163399 0.25326797 0.25326797
 0.25653595 0.25653595 0.25980392 0.25980392 0.26143791 0.26143791
 0.2630719  0.2630719  0.26470588 0.26470588 0.26633987 0.26633987
 0.26960784 0.26960784 0.27124183 0.27124183 0.27287582 0.27287582
 0.27941176 0.27941176 0.28104575 0.28104575 0.2875817  0.2875817
 0.29248366 0.29248366 0.29411765 0.29411765 0.29575163 0.29575163
 0.29901961 0.29901961 0.30228758 0.30228758 0.30555556 0.30555556
 0.30882353 0.30882353 0.3120915  0.3120915  0.32026144 0.32026144
 0.32189542 0.32189542 0.32843137 0.32843137 0.33006536 0.33006536
 0.34313725 0.34313725 0.34477124 0.34477124 0.34640523 0.34640523
 0.3496732  0.3496732  0.35130719 0.35130719 0.35294118 0.35294118
 0.35947712 0.35947712 0.36111111 0.36111111 0.36764706 0.36764706
 0.37254902 0.37254902 0.37418301 0.37418301 0.37745098 0.37745098
 0.38071895 0.38071895 0.38562092 0.38562092 0.39052288 0.39052288
 0.39215686 0.39215686 0.39379085 0.39379085 0.41013072 0.41013072
 0.41339869 0.41339869 0.41666667 0.41666667 0.41993464 0.41993464
 0.4248366  0.4248366  0.43137255 0.43137255 0.43300654 0.43300654
 0.43464052 0.43464052 0.43954248 0.43954248 0.45098039 0.45098039
 0.45751634 0.45751634 0.4624183  0.4624183  0.47058824 0.47058824
 0.47222222 0.47222222 0.47385621 0.47385621 0.48202614 0.48202614
 0.48366013 0.48366013 0.48529412 0.48529412 0.4869281  0.4869281
 0.48856209 0.48856209 0.49346405 0.49346405 0.5        0.5
 0.50326797 0.50326797 0.51143791 0.51143791 0.51633987 0.51633987
 0.51960784 0.51960784 0.5245098  0.5245098  0.52614379 0.52614379
 0.53594771 0.53594771 0.54738562 0.54738562 0.57679739 0.57679739
 0.59640523 0.59640523 0.60294118 0.60294118 0.61601307 0.61601307
 0.62581699 0.62581699 0.6372549  0.6372549  0.64215686 0.64215686
 0.64705882 0.64705882 0.64869281 0.64869281 0.74509804 0.74509804
 0.83169935 0.83169935 0.87745098 0.87745098 0.91176471 0.91176471
 0.94117647 0.94117647 0.95588235 0.95588235 1.        ]
[0.         0.         0.         0.00515464 0.00515464 0.00773196
 0.00773196 0.01030928 0.01030928 0.0128866  0.0128866  0.01546392
 0.01546392 0.01804124 0.01804124 0.02061856 0.02061856 0.02319588
 0.02319588 0.0257732  0.0257732  0.02835052 0.02835052 0.03092784
 0.03092784 0.03608247 0.03608247 0.04123711 0.04123711 0.04381443
 0.04381443 0.04896907 0.04896907 0.05412371 0.05412371 0.05670103
 0.05670103 0.05927835 0.05927835 0.06443299 0.06443299 0.07216495
 0.07216495 0.07989691 0.07989691 0.08247423 0.08247423 0.08505155
 0.08505155 0.09278351 0.09278351 0.09536082 0.09536082 0.10051546
 0.10051546 0.13402062 0.13402062 0.16237113 0.16237113 0.16752577
 0.16752577 0.18814433 0.18814433 0.19845361 0.19845361 0.20618557
 0.20618557 0.21907216 0.21907216 0.2242268  0.2242268  0.23195876
 0.23195876 0.2371134  0.2371134  0.23969072 0.23969072 0.24226804
 0.24226804 0.24484536 0.24484536 0.24742268 0.24742268 0.29639175
 0.29639175 0.29896907 0.29896907 0.30154639 0.30154639 0.30412371
 0.30412371 0.30670103 0.30670103 0.31443299 0.31443299 0.31701031
 0.31701031 0.32989691 0.32989691 0.33247423 0.33247423 0.33762887
 0.33762887 0.35051546 0.35051546 0.36082474 0.36082474 0.37628866
 0.37628866 0.37886598 0.37886598 0.38659794 0.38659794 0.39175258
 0.39175258 0.43298969 0.43298969 0.43556701 0.43556701 0.43814433
 0.43814433 0.44329897 0.44329897 0.45103093 0.45103093 0.46649485
 0.46649485 0.48195876 0.48195876 0.48453608 0.48453608 0.4871134
 0.4871134  0.5        0.5        0.50515464 0.50515464 0.52319588
 0.52319588 0.52835052 0.52835052 0.54123711 0.54123711 0.54896907
 0.54896907 0.55154639 0.55154639 0.56185567 0.56185567 0.56701031
 0.56701031 0.57989691 0.57989691 0.59020619 0.59020619 0.60309278
 0.60309278 0.6056701  0.6056701  0.60824742 0.60824742 0.61597938
 0.61597938 0.62371134 0.62371134 0.62886598 0.62886598 0.6314433
 0.6314433  0.63402062 0.63402062 0.63917526 0.63917526 0.64175258
 0.64175258 0.6443299  0.6443299  0.64690722 0.64690722 0.65721649
 0.65721649 0.66752577 0.66752577 0.67268041 0.67268041 0.68041237
 0.68041237 0.68556701 0.68556701 0.68814433 0.68814433 0.69072165
 0.69072165 0.69329897 0.69329897 0.70876289 0.70876289 0.71907216
 0.71907216 0.7242268  0.7242268  0.72680412 0.72680412 0.72938144
 0.72938144 0.73195876 0.73195876 0.73453608 0.73453608 0.73969072
 0.73969072 0.74484536 0.74484536 0.74742268 0.74742268 0.75257732
 0.75257732 0.75773196 0.75773196 0.7628866  0.7628866  0.76546392
 0.76546392 0.77319588 0.77319588 0.7757732  0.7757732  0.78092784
 0.78092784 0.78350515 0.78350515 0.79123711 0.79123711 0.80154639
 0.80154639 0.80412371 0.80412371 0.80927835 0.80927835 0.81185567
 0.81185567 0.81443299 0.81443299 0.82474227 0.82474227 0.82731959
 0.82731959 0.82989691 0.82989691 0.83762887 0.83762887 0.84020619
 0.84020619 0.84278351 0.84278351 0.84536082 0.84536082 0.84793814
 0.84793814 0.85051546 0.85051546 0.85309278 0.85309278 0.8556701
 0.8556701  0.85824742 0.85824742 0.86082474 0.86082474 0.86597938
 0.86597938 0.8685567  0.8685567  0.87371134 0.87371134 0.87628866
 0.87628866 0.88659794 0.88659794 0.89175258 0.89175258 0.8943299
 0.8943299  0.89690722 0.89690722 0.90206186 0.90206186 0.90463918
 0.90463918 0.90721649 0.90721649 0.91494845 0.91494845 0.91752577
 0.91752577 0.92783505 0.92783505 0.93041237 0.93041237 0.93814433
 0.93814433 0.94072165 0.94072165 0.94329897 0.94329897 0.94845361
 0.94845361 0.95103093 0.95103093 0.95360825 0.95360825 0.95618557
 0.95618557 0.95876289 0.95876289 0.96134021 0.96134021 0.96391753
 0.96391753 0.96649485 0.96649485 0.96907216 0.96907216 0.97680412
 0.97680412 0.97938144 0.97938144 0.98195876 0.98195876 0.98453608
 0.98453608 0.9871134  0.9871134  0.98969072 0.98969072 0.99226804
 0.99226804 0.99484536 0.99484536 1.         1.        ]
thresholds
[1.99489811 0.99489811 0.99042772 0.99009958 0.98881559 0.98865211
 0.98712778 0.98668389 0.98355508 0.98340668 0.98288432 0.98282195
 0.9822723  0.98098424 0.9802944  0.97990029 0.97548393 0.97527138
 0.97502906 0.97445162 0.97262492 0.97246984 0.97121471 0.96881179
 0.9684009  0.96761779 0.96724647 0.966209   0.96330724 0.96253885
 0.96193491 0.96149997 0.96134351 0.96050914 0.95955472 0.95906452
 0.95735979 0.95637021 0.95586121 0.95506979 0.9546568  0.95307819
 0.95265835 0.94913906 0.94761287 0.94642692 0.94611732 0.94516163
 0.94466445 0.94445692 0.94127498 0.94096506 0.93637458 0.93410008
 0.93276751 0.9233125  0.92139038 0.90712385 0.90529031 0.90453472
 0.90417182 0.89922267 0.89737768 0.89520648 0.88939424 0.88690032
 0.88541616 0.88276847 0.88119259 0.8801344  0.87921677 0.87685972
 0.87512736 0.87197995 0.86978529 0.86864273 0.86724484 0.86641006
 0.86561974 0.86515081 0.86498005 0.86397379 0.86339048 0.84774264
 0.84586915 0.84434172 0.84339428 0.8410488  0.84001958 0.83758449
 0.8360903  0.83545865 0.83446648 0.83238615 0.83210951 0.83111829
 0.82938312 0.82710782 0.82416849 0.82361347 0.82295169 0.82167492
 0.81706226 0.81320668 0.81054661 0.80787701 0.80736199 0.80108013
 0.7992613  0.79866539 0.79714711 0.79448499 0.79335296 0.79091747
 0.79060527 0.77645782 0.77300553 0.77226067 0.77035922 0.76979582
 0.76881521 0.7676886  0.7656856  0.76306344 0.76276665 0.75825639
 0.75823232 0.74619469 0.7381383  0.73637813 0.73595427 0.73557195
 0.73524532 0.72866936 0.72772465 0.72539972 0.72533069 0.7229542
 0.72258089 0.71889228 0.7184586  0.71059498 0.70889638 0.70402922
 0.70181981 0.70166454 0.70153691 0.69670699 0.69488758 0.69179564
 0.68884748 0.68466847 0.68249474 0.67581736 0.67579385 0.66930289
 0.6692931  0.66772495 0.65977842 0.65956126 0.65717606 0.65198111
 0.64542433 0.64228965 0.64209274 0.64090953 0.63522049 0.63433936
 0.63286786 0.63282371 0.63073053 0.62678015 0.6266578  0.62591227
 0.62205759 0.62111544 0.62080777 0.61873646 0.61648702 0.61377943
 0.6131006  0.60634486 0.60578749 0.60385243 0.60298793 0.59804476
 0.59218236 0.58746905 0.58713917 0.58492023 0.58227877 0.579881
 0.57709723 0.57478758 0.57336796 0.56139476 0.5613065  0.55862937
 0.55086901 0.54931303 0.54845008 0.54793507 0.54367391 0.54167131
 0.54025623 0.53657997 0.53499182 0.53430919 0.53132499 0.5300616
 0.52940716 0.5251535  0.51398383 0.51379793 0.51274313 0.50767679
 0.50244662 0.50052369 0.49917279 0.49637406 0.49432194 0.49364488
 0.49173657 0.49029887 0.48506274 0.48420297 0.48338051 0.48254712
 0.4771159  0.47643173 0.47613988 0.47308984 0.46818973 0.46384587
 0.45732261 0.4542355  0.45360711 0.44986969 0.44902074 0.44890075
 0.4485337  0.44780022 0.44272856 0.43963236 0.43098074 0.4283309
 0.42812308 0.42736544 0.4229613  0.41980396 0.40267142 0.40232797
 0.40067616 0.4006547  0.39956302 0.39746383 0.3964987  0.39626941
 0.39417836 0.39123438 0.38453055 0.37978984 0.37973386 0.37842746
 0.37840642 0.37804695 0.37388339 0.37322888 0.3672516  0.36318528
 0.35306186 0.35156542 0.34505464 0.34387172 0.34068904 0.33940021
 0.33933434 0.33607504 0.33540295 0.33343878 0.3265338  0.32639293
 0.32561191 0.32308921 0.32249795 0.31909582 0.3189784  0.31887996
 0.31801143 0.31756521 0.31617227 0.31353694 0.3093303  0.30730011
 0.30353803 0.29616256 0.29137462 0.29086734 0.28901973 0.28712645
 0.28591647 0.28398457 0.27878786 0.27869604 0.27818474 0.27755857
 0.27055861 0.27040444 0.26296363 0.25942378 0.23760569 0.23731968
 0.22368849 0.22296482 0.22157824 0.22048475 0.21071652 0.20964469
 0.20217045 0.20177868 0.1963905  0.1958567  0.19352835 0.19010365
 0.18755597 0.18642983 0.18604645 0.18592728 0.14745102 0.14743828
 0.10484577 0.10352105 0.08410272 0.08206144 0.06592127 0.06536494
 0.05430081 0.05396567 0.04676041 0.04428649 0.01595836]
minX :0.299020,  minY: 0.724227, mindist:0.406772, Threshold = 0.549313, minI =199 , fpr[min]=0.299020, tpr[min]=0.724227, false detection value= 183.000000, true detection value =281.000000 
Gender time: 0.030116 acc. 0.696000 select_1 0.504000 preY:1000.000000 testY:1000.000000 testX:1000.000000 select_2 0.496000
