0.644142523579
[0.         0.00120627 0.00120627 0.00361882 0.00361882 0.00723764
 0.00723764 0.01206273 0.01206273 0.01568154 0.01568154 0.01809409
 0.01809409 0.02171291 0.02171291 0.02291918 0.02291918 0.02533172
 0.02533172 0.026538   0.026538   0.02774427 0.02774427 0.03136309
 0.03136309 0.03256936 0.03256936 0.03377563 0.03377563 0.04101327
 0.04101327 0.04221954 0.04221954 0.04342581 0.04342581 0.04704463
 0.04704463 0.05186972 0.05186972 0.05428227 0.05428227 0.05548854
 0.05548854 0.06031363 0.06031363 0.0615199  0.0615199  0.06272618
 0.06272618 0.07237636 0.07237636 0.07720145 0.07720145 0.0880579
 0.0880579  0.08926417 0.08926417 0.09047045 0.09047045 0.09167672
 0.09167672 0.10373945 0.10373945 0.10615199 0.10615199 0.10735826
 0.10735826 0.11338963 0.11338963 0.12907117 0.12907117 0.13027744
 0.13027744 0.13268999 0.13268999 0.14837153 0.14837153 0.1495778
 0.1495778  0.15802171 0.15802171 0.16164053 0.16164053 0.16525935
 0.16525935 0.16646562 0.16646562 0.17249698 0.17249698 0.19903498
 0.19903498 0.20386007 0.20386007 0.20747889 0.20747889 0.22557298
 0.22557298 0.23281062 0.23281062 0.24607961 0.24607961 0.24849216
 0.24849216 0.27864897 0.27864897 0.27985525 0.27985525 0.28226779
 0.28226779 0.30518697 0.30518697 0.31242461 0.31242461 0.31363088
 0.31363088 0.31604343 0.31604343 0.32810615 0.32810615 0.32931242
 0.32931242 0.34620024 0.34620024 0.3522316  0.3522316  0.36067551
 0.36067551 0.37273824 0.37273824 0.38480097 0.38480097 0.38841978
 0.38841978 0.39927624 0.39927624 0.40048251 0.40048251 0.40410133
 0.40410133 0.41737033 0.41737033 0.43787696 0.43787696 0.43908323
 0.43908323 0.44390832 0.44390832 0.44873341 0.44873341 0.46320869
 0.46320869 0.47044632 0.47044632 0.47165259 0.47165259 0.47889023
 0.47889023 0.48130277 0.48130277 0.48371532 0.48371532 0.48733414
 0.48733414 0.48974668 0.48974668 0.4933655  0.4933655  0.49577805
 0.49577805 0.50060314 0.50060314 0.50784077 0.50784077 0.50904704
 0.50904704 0.51025332 0.51025332 0.51749095 0.51749095 0.54885404
 0.54885404 0.56091677 0.56091677 0.56453559 0.56453559 0.56936068
 0.56936068 0.57780458 0.57780458 0.58021713 0.58021713 0.58866104
 0.58866104 0.58986731 0.58986731 0.59348613 0.59348613 0.59710495
 0.59710495 0.60916767 0.60916767 0.61761158 0.61761158 0.63088058
 0.63088058 0.63329312 0.63329312 0.64535585 0.64535585 0.64656212
 0.64656212 0.65138721 0.65138721 0.66103739 0.66103739 0.66827503
 0.66827503 0.67068758 0.67068758 0.67310012 0.67310012 0.67671894
 0.67671894 0.67792521 0.67792521 0.67913148 0.67913148 0.68878166
 0.68878166 0.69119421 0.69119421 0.6960193  0.6960193  0.69722557
 0.69722557 0.69843185 0.69843185 0.69963812 0.69963812 0.7092883
 0.7092883  0.71290712 0.71290712 0.73703257 0.73703257 0.74427021
 0.74427021 0.7490953  0.7490953  0.75392039 0.75392039 0.76598311
 0.76598311 0.76960193 0.76960193 0.79372738 0.79372738 0.7973462
 0.7973462  0.81182147 0.81182147 0.82750302 0.82750302 0.86489747
 0.86489747 0.88902292 0.88902292 0.89264174 0.89264174 0.90591074
 0.90591074 0.94330519 0.94330519 0.95536791 0.95536791 1.        ]
[0.         0.         0.00584795 0.00584795 0.01169591 0.01169591
 0.02339181 0.02339181 0.04093567 0.04093567 0.05847953 0.05847953
 0.06432749 0.06432749 0.07017544 0.07017544 0.07602339 0.07602339
 0.08187135 0.08187135 0.0994152  0.0994152  0.10526316 0.10526316
 0.11111111 0.11111111 0.11695906 0.11695906 0.13450292 0.13450292
 0.15204678 0.15204678 0.15789474 0.15789474 0.1754386  0.1754386
 0.18128655 0.18128655 0.1871345  0.1871345  0.19298246 0.19298246
 0.20467836 0.20467836 0.21052632 0.21052632 0.21637427 0.21637427
 0.22222222 0.22222222 0.22807018 0.22807018 0.23976608 0.23976608
 0.26315789 0.26315789 0.26900585 0.26900585 0.2748538  0.2748538
 0.28070175 0.28070175 0.29239766 0.29239766 0.29824561 0.29824561
 0.30409357 0.30409357 0.30994152 0.30994152 0.32163743 0.32163743
 0.32748538 0.32748538 0.33333333 0.33333333 0.33918129 0.33918129
 0.34502924 0.34502924 0.35672515 0.35672515 0.3625731  0.3625731
 0.36842105 0.36842105 0.37426901 0.37426901 0.38011696 0.38011696
 0.38596491 0.38596491 0.39181287 0.39181287 0.39766082 0.39766082
 0.40935673 0.40935673 0.42105263 0.42105263 0.42690058 0.42690058
 0.43274854 0.43274854 0.43859649 0.43859649 0.45614035 0.45614035
 0.4619883  0.4619883  0.46783626 0.46783626 0.47368421 0.47368421
 0.47953216 0.47953216 0.48538012 0.48538012 0.49122807 0.49122807
 0.49707602 0.49707602 0.50877193 0.50877193 0.51461988 0.51461988
 0.52631579 0.52631579 0.53216374 0.53216374 0.5380117  0.5380117
 0.54385965 0.54385965 0.5497076  0.5497076  0.55555556 0.55555556
 0.56140351 0.56140351 0.56725146 0.56725146 0.57309942 0.57309942
 0.57894737 0.57894737 0.58479532 0.58479532 0.59064327 0.59064327
 0.59649123 0.59649123 0.60233918 0.60233918 0.60818713 0.60818713
 0.61403509 0.61403509 0.61988304 0.61988304 0.6374269  0.6374269
 0.64327485 0.64327485 0.65497076 0.65497076 0.66081871 0.66081871
 0.66666667 0.66666667 0.67836257 0.67836257 0.68421053 0.68421053
 0.69005848 0.69005848 0.69590643 0.69590643 0.70760234 0.70760234
 0.71345029 0.71345029 0.71929825 0.71929825 0.7251462  0.7251462
 0.73099415 0.73099415 0.73684211 0.73684211 0.74269006 0.74269006
 0.74853801 0.74853801 0.76023392 0.76023392 0.76608187 0.76608187
 0.77192982 0.77192982 0.77777778 0.77777778 0.78362573 0.78362573
 0.78947368 0.78947368 0.79532164 0.79532164 0.80116959 0.80116959
 0.80701754 0.80701754 0.8128655  0.8128655  0.81871345 0.81871345
 0.8245614  0.8245614  0.83040936 0.83040936 0.83625731 0.83625731
 0.84210526 0.84210526 0.84795322 0.84795322 0.85380117 0.85380117
 0.85964912 0.85964912 0.86549708 0.86549708 0.87719298 0.87719298
 0.88304094 0.88304094 0.88888889 0.88888889 0.89473684 0.89473684
 0.9005848  0.9005848  0.90643275 0.90643275 0.9122807  0.9122807
 0.91812865 0.91812865 0.92397661 0.92397661 0.92982456 0.92982456
 0.93567251 0.93567251 0.94152047 0.94152047 0.94736842 0.94736842
 0.95321637 0.95321637 0.95906433 0.95906433 0.96491228 0.96491228
 0.97076023 0.97076023 0.97660819 0.97660819 0.98245614 0.98245614
 0.98830409 0.98830409 0.99415205 0.99415205 1.         1.        ]
thresholds
[1.5051729  0.5051729  0.47024623 0.40125617 0.39724133 0.38491655
 0.38445387 0.33911242 0.32469976 0.30782724 0.29278942 0.2878958
 0.28463705 0.27760789 0.27354066 0.27300942 0.27224878 0.26726887
 0.26520918 0.26423421 0.26145756 0.25879423 0.25875601 0.25555679
 0.25223124 0.25106061 0.24963982 0.24841967 0.23846971 0.23415604
 0.23017767 0.2287782  0.22848703 0.22833461 0.22364088 0.22074823
 0.22064707 0.21692435 0.21591555 0.21476742 0.2145962  0.2140519
 0.21227609 0.21002006 0.20887488 0.20869702 0.20716384 0.20562359
 0.20481062 0.20042785 0.20031693 0.19763616 0.1952967  0.19167836
 0.18880134 0.1887444  0.18863939 0.1886352  0.18855386 0.18853928
 0.18846737 0.18678826 0.18597286 0.18584701 0.18512161 0.18505397
 0.18488837 0.18376575 0.18304566 0.17988025 0.17947059 0.1789526
 0.17874932 0.17812311 0.1777865  0.17624306 0.17609116 0.17582724
 0.17566528 0.17444032 0.17399759 0.17323726 0.17322579 0.17308994
 0.17257101 0.17244617 0.17222439 0.17011183 0.16982761 0.16665783
 0.16625928 0.16572622 0.16570726 0.1647173  0.16464064 0.16280337
 0.16253155 0.16189081 0.16145628 0.16053147 0.16035128 0.15954128
 0.15919765 0.15614868 0.15604851 0.15600556 0.15564964 0.1556018
 0.15556317 0.15308123 0.15291341 0.15202413 0.15201389 0.15174347
 0.15169714 0.15156392 0.15151971 0.1504473  0.15029776 0.14998791
 0.14990662 0.14836093 0.14784114 0.14728954 0.14725884 0.14651544
 0.14598862 0.14487904 0.14483092 0.14422801 0.14408393 0.14387763
 0.14379131 0.14326537 0.14322955 0.143174   0.14316851 0.14248401
 0.1423125  0.14103233 0.14092589 0.1401279  0.14012111 0.13998724
 0.13987796 0.13938155 0.13919684 0.13858096 0.1384907  0.1372885
 0.13718818 0.13681052 0.13676656 0.1367557  0.13672502 0.13597404
 0.13580775 0.13571403 0.13567832 0.13558434 0.13524167 0.13487402
 0.13471518 0.13459995 0.13438012 0.13399525 0.1339337  0.13376525
 0.13373725 0.13346471 0.13336384 0.13272437 0.13263959 0.13256098
 0.13228809 0.13217601 0.13185319 0.13134419 0.13103955 0.12805702
 0.12802344 0.1265773  0.12656146 0.1256706  0.12546899 0.12515995
 0.12468094 0.1243653  0.12434312 0.12419639 0.12412839 0.12389192
 0.12387386 0.12380757 0.12363463 0.12343763 0.12332518 0.12304686
 0.12301486 0.12235084 0.12217962 0.12158186 0.12155654 0.12049492
 0.12049339 0.12040444 0.1203895  0.11916523 0.11899823 0.11898517
 0.11896996 0.11880912 0.11876285 0.11793886 0.11792854 0.11773601
 0.1176623  0.11751424 0.11699415 0.11673766 0.11668995 0.1164283
 0.11639356 0.11634775 0.11609097 0.11590233 0.11584944 0.11500585
 0.11489076 0.11463334 0.11455385 0.11418661 0.11372714 0.11367551
 0.11366992 0.11366901 0.11363376 0.11344375 0.11341161 0.11256217
 0.11254953 0.11229096 0.11227307 0.11045731 0.11041674 0.10995702
 0.10984563 0.10940141 0.10935055 0.1092457  0.1091714  0.10821334
 0.10817022 0.10753348 0.1075029  0.10569531 0.10562252 0.10538514
 0.10520674 0.10419633 0.10411935 0.1025404  0.10250936 0.09883748
 0.09866045 0.09646948 0.09643392 0.09616347 0.09595111 0.09517239
 0.09514409 0.09087163 0.09075756 0.0892703  0.08919471 0.07420797]
minX :0.510253,  minY: 0.695906, mindist:0.593996, Threshold = 0.131853, minI =176 , fpr[min]=0.510253, tpr[min]=0.695906, false detection value= 423.000000, true detection value =119.000000 
Gender time: 0.027193 acc. 0.828000 select_1 0.001000 preY:1000.000000 testY:1000.000000 testX:1000.000000 select_2 0.999000
