0.564533019925
[0.         0.         0.0014771  0.0014771  0.00295421 0.00295421
 0.00590842 0.00590842 0.00886263 0.00886263 0.01033973 0.01033973
 0.01329394 0.01329394 0.01772526 0.01772526 0.02067947 0.02067947
 0.02363368 0.02363368 0.02658789 0.02658789 0.02806499 0.02806499
 0.03249631 0.03249631 0.03545052 0.03545052 0.03988183 0.03988183
 0.04135894 0.04135894 0.04579025 0.04579025 0.05169867 0.05169867
 0.05317578 0.05317578 0.05612999 0.05612999 0.06646972 0.06646972
 0.06794682 0.06794682 0.06942393 0.06942393 0.07237814 0.07237814
 0.07828656 0.07828656 0.07976366 0.07976366 0.08714919 0.08714919
 0.08862629 0.08862629 0.09748892 0.09748892 0.10044313 0.10044313
 0.10192024 0.10192024 0.10487445 0.10487445 0.10782866 0.10782866
 0.10930576 0.10930576 0.11078287 0.11078287 0.11521418 0.11521418
 0.11816839 0.11816839 0.1225997  0.1225997  0.12850812 0.12850812
 0.13146233 0.13146233 0.13293944 0.13293944 0.14918759 0.14918759
 0.1506647  0.1506647  0.1521418  0.1521418  0.15509601 0.15509601
 0.15657312 0.15657312 0.15805022 0.15805022 0.16543575 0.16543575
 0.16691285 0.16691285 0.16838996 0.16838996 0.16986706 0.16986706
 0.17134417 0.17134417 0.17577548 0.17577548 0.183161   0.183161
 0.18906942 0.18906942 0.19054653 0.19054653 0.20236337 0.20236337
 0.20531758 0.20531758 0.211226   0.211226   0.21713442 0.21713442
 0.21861152 0.21861152 0.22156573 0.22156573 0.22304284 0.22304284
 0.22599705 0.22599705 0.23042836 0.23042836 0.23338257 0.23338257
 0.23781388 0.23781388 0.23929099 0.23929099 0.24815362 0.24815362
 0.25406204 0.25406204 0.25997046 0.25997046 0.26735598 0.26735598
 0.2717873  0.2717873  0.2732644  0.2732644  0.27474151 0.27474151
 0.27621861 0.27621861 0.28508124 0.28508124 0.29098966 0.29098966
 0.29246677 0.29246677 0.29394387 0.29394387 0.29689808 0.29689808
 0.29837518 0.29837518 0.3028065  0.3028065  0.30723781 0.30723781
 0.31019202 0.31019202 0.31166913 0.31166913 0.32200886 0.32200886
 0.32644018 0.32644018 0.33087149 0.33087149 0.33825702 0.33825702
 0.33973412 0.33973412 0.35007386 0.35007386 0.35155096 0.35155096
 0.35893648 0.35893648 0.3633678  0.3633678  0.36632201 0.36632201
 0.36927622 0.36927622 0.37075332 0.37075332 0.37666174 0.37666174
 0.37813885 0.37813885 0.37961595 0.37961595 0.38404727 0.38404727
 0.394387   0.394387   0.40768095 0.40768095 0.41358936 0.41358936
 0.41506647 0.41506647 0.42097489 0.42097489 0.42983752 0.42983752
 0.44165436 0.44165436 0.44756278 0.44756278 0.45199409 0.45199409
 0.45937962 0.45937962 0.46676514 0.46676514 0.48005908 0.48005908
 0.48892171 0.48892171 0.49778434 0.49778434 0.50369276 0.50369276
 0.50812408 0.50812408 0.51255539 0.51255539 0.5155096  0.5155096
 0.52289513 0.52289513 0.52732644 0.52732644 0.53323486 0.53323486
 0.54062038 0.54062038 0.54800591 0.54800591 0.54948301 0.54948301
 0.55243722 0.55243722 0.55539143 0.55539143 0.55686854 0.55686854
 0.55982275 0.55982275 0.56129985 0.56129985 0.56277696 0.56277696
 0.57016248 0.57016248 0.57902511 0.57902511 0.58345643 0.58345643
 0.58641064 0.58641064 0.58936484 0.58936484 0.59379616 0.59379616
 0.59527326 0.59527326 0.59675037 0.59675037 0.60118168 0.60118168
 0.60265879 0.60265879 0.61152142 0.61152142 0.61299852 0.61299852
 0.61447563 0.61447563 0.61595273 0.61595273 0.62629247 0.62629247
 0.63072378 0.63072378 0.63220089 0.63220089 0.6351551  0.6351551
 0.6366322  0.6366322  0.64844904 0.64844904 0.66026588 0.66026588
 0.66469719 0.66469719 0.6676514  0.6676514  0.68094535 0.68094535
 0.70014771 0.70014771 0.70753323 0.70753323 0.71344165 0.71344165
 0.71491876 0.71491876 0.72378139 0.72378139 0.72525849 0.72525849
 0.73412112 0.73412112 0.73559823 0.73559823 0.73707533 0.73707533
 0.74002954 0.74002954 0.74298375 0.74298375 0.75184638 0.75184638
 0.75332349 0.75332349 0.75480059 0.75480059 0.76366322 0.76366322
 0.77104874 0.77104874 0.77400295 0.77400295 0.77991137 0.77991137
 0.78286558 0.78286558 0.78581979 0.78581979 0.788774   0.788774
 0.79172821 0.79172821 0.79320532 0.79320532 0.79763663 0.79763663
 0.79911374 0.79911374 0.80354505 0.80354505 0.80649926 0.80649926
 0.80945347 0.80945347 0.81093058 0.81093058 0.81388479 0.81388479
 0.816839   0.816839   0.82274742 0.82274742 0.82570162 0.82570162
 0.83013294 0.83013294 0.83161004 0.83161004 0.85228951 0.85228951
 0.88035451 0.88035451 0.88183161 0.88183161 0.88330871 0.88330871
 0.88478582 0.88478582 0.89217134 0.89217134 0.89955687 0.89955687
 0.9098966  0.9098966  0.91285081 0.91285081 0.91875923 0.91875923
 0.92171344 0.92171344 0.92614476 0.92614476 0.93205318 0.93205318
 0.9379616  0.9379616  0.94682422 0.94682422 0.94977843 0.94977843
 0.95716396 0.95716396 0.96159527 0.96159527 0.96602659 0.96602659
 0.9689808  0.9689808  1.        ]
[0.00309598 0.00619195 0.00619195 0.00928793 0.00928793 0.0123839
 0.0123839  0.01857585 0.01857585 0.0247678  0.0247678  0.02786378
 0.02786378 0.03095975 0.03095975 0.03405573 0.03405573 0.0371517
 0.0371517  0.04334365 0.04334365 0.04643963 0.04643963 0.0495356
 0.0495356  0.05572755 0.05572755 0.06811146 0.06811146 0.07120743
 0.07120743 0.08049536 0.08049536 0.08359133 0.08359133 0.08978328
 0.08978328 0.09287926 0.09287926 0.09597523 0.09597523 0.10216718
 0.10216718 0.10526316 0.10526316 0.12074303 0.12074303 0.12383901
 0.12383901 0.13003096 0.13003096 0.13312693 0.13312693 0.13622291
 0.13622291 0.14241486 0.14241486 0.14860681 0.14860681 0.15170279
 0.15170279 0.15789474 0.15789474 0.16099071 0.16099071 0.16408669
 0.16408669 0.17027864 0.17027864 0.17956656 0.17956656 0.18266254
 0.18266254 0.18575851 0.18575851 0.18885449 0.18885449 0.19195046
 0.19195046 0.20123839 0.20123839 0.20433437 0.20433437 0.20743034
 0.20743034 0.21052632 0.21052632 0.21362229 0.21362229 0.21981424
 0.21981424 0.22291022 0.22291022 0.22600619 0.22600619 0.23219814
 0.23219814 0.24458204 0.24458204 0.25696594 0.25696594 0.26315789
 0.26315789 0.26934985 0.26934985 0.27244582 0.27244582 0.27863777
 0.27863777 0.28173375 0.28173375 0.28482972 0.28482972 0.29411765
 0.29411765 0.3003096  0.3003096  0.30340557 0.30340557 0.30650155
 0.30650155 0.30959752 0.30959752 0.3126935  0.3126935  0.31578947
 0.31578947 0.32198142 0.32198142 0.3250774  0.3250774  0.32817337
 0.32817337 0.33436533 0.33436533 0.34055728 0.34055728 0.34365325
 0.34365325 0.34674923 0.34674923 0.3498452  0.3498452  0.35603715
 0.35603715 0.35913313 0.35913313 0.3622291  0.3622291  0.36532508
 0.36532508 0.36842105 0.36842105 0.37151703 0.37151703 0.37770898
 0.37770898 0.38080495 0.38080495 0.3869969  0.3869969  0.39628483
 0.39628483 0.40557276 0.40557276 0.41486068 0.41486068 0.42105263
 0.42105263 0.42414861 0.42414861 0.42724458 0.42724458 0.43034056
 0.43034056 0.43343653 0.43343653 0.43653251 0.43653251 0.43962848
 0.43962848 0.44272446 0.44272446 0.44582043 0.44582043 0.44891641
 0.44891641 0.45201238 0.45201238 0.45510836 0.45510836 0.45820433
 0.45820433 0.46749226 0.46749226 0.47368421 0.47368421 0.48297214
 0.48297214 0.48606811 0.48606811 0.48916409 0.48916409 0.49226006
 0.49226006 0.49535604 0.49535604 0.49845201 0.49845201 0.50464396
 0.50464396 0.51083591 0.51083591 0.52012384 0.52012384 0.52321981
 0.52321981 0.52941176 0.52941176 0.53250774 0.53250774 0.53560372
 0.53560372 0.53869969 0.53869969 0.54179567 0.54179567 0.54798762
 0.54798762 0.55108359 0.55108359 0.55417957 0.55417957 0.55727554
 0.55727554 0.56037152 0.56037152 0.56346749 0.56346749 0.56656347
 0.56656347 0.56965944 0.56965944 0.57275542 0.57275542 0.57585139
 0.57585139 0.57894737 0.57894737 0.58513932 0.58513932 0.58823529
 0.58823529 0.59442724 0.59442724 0.59752322 0.59752322 0.6130031
 0.6130031  0.62229102 0.62229102 0.625387   0.625387   0.62848297
 0.62848297 0.6377709  0.6377709  0.64396285 0.64396285 0.64705882
 0.64705882 0.65634675 0.65634675 0.66563467 0.66563467 0.66873065
 0.66873065 0.6749226  0.6749226  0.67801858 0.67801858 0.68111455
 0.68111455 0.69040248 0.69040248 0.69349845 0.69349845 0.69659443
 0.69659443 0.6996904  0.6996904  0.70278638 0.70278638 0.70897833
 0.70897833 0.71826625 0.71826625 0.72136223 0.72136223 0.7244582
 0.7244582  0.72755418 0.72755418 0.73374613 0.73374613 0.73684211
 0.73684211 0.73993808 0.73993808 0.74303406 0.74303406 0.75232198
 0.75232198 0.75541796 0.75541796 0.75851393 0.75851393 0.76160991
 0.76160991 0.76470588 0.76470588 0.76780186 0.76780186 0.77399381
 0.77399381 0.78328173 0.78328173 0.78637771 0.78637771 0.78947368
 0.78947368 0.79256966 0.79256966 0.79566563 0.79566563 0.79876161
 0.79876161 0.80185759 0.80185759 0.81114551 0.81114551 0.81424149
 0.81424149 0.81733746 0.81733746 0.82043344 0.82043344 0.82352941
 0.82352941 0.82972136 0.82972136 0.83900929 0.83900929 0.85139319
 0.85139319 0.85448916 0.85448916 0.85758514 0.85758514 0.86687307
 0.86687307 0.86996904 0.86996904 0.87616099 0.87616099 0.87925697
 0.87925697 0.88544892 0.88544892 0.88854489 0.88854489 0.89473684
 0.89473684 0.89783282 0.89783282 0.90092879 0.90092879 0.90402477
 0.90402477 0.90712074 0.90712074 0.91021672 0.91021672 0.91331269
 0.91331269 0.91640867 0.91640867 0.92569659 0.92569659 0.92879257
 0.92879257 0.93188854 0.93188854 0.94117647 0.94117647 0.94427245
 0.94427245 0.95975232 0.95975232 0.9628483  0.9628483  0.96594427
 0.96594427 0.96904025 0.96904025 0.97213622 0.97213622 0.9752322
 0.9752322  0.98142415 0.98142415 0.98452012 0.98452012 0.9876161
 0.9876161  0.99071207 0.99071207 0.99380805 0.99380805 0.99690402
 0.99690402 1.         1.        ]
thresholds
[0.37919698 0.36277282 0.35909656 0.3589758  0.35809308 0.35789567
 0.35452155 0.35242121 0.35015219 0.34957479 0.34558374 0.34372184
 0.3413191  0.34057356 0.3389035  0.33880793 0.33794876 0.33688715
 0.33600835 0.33391807 0.33351126 0.33347371 0.33333292 0.33331233
 0.33181662 0.33122809 0.33067661 0.32973685 0.32732257 0.32720149
 0.32693146 0.32628095 0.32561198 0.32536583 0.32339093 0.32303857
 0.32234336 0.32192062 0.3210544  0.32021125 0.31866309 0.31841746
 0.31833486 0.31789868 0.31765981 0.31645616 0.31551688 0.31544858
 0.31481684 0.31451563 0.3141027  0.31332184 0.31237722 0.31212935
 0.31196634 0.31124393 0.30886924 0.30868763 0.30829034 0.30808834
 0.30776291 0.30772224 0.30751162 0.3073209  0.30726218 0.30724827
 0.30724442 0.3068706  0.30683075 0.30594282 0.30565204 0.305598
 0.30540559 0.30516159 0.30483955 0.30466656 0.30384737 0.30374298
 0.30359059 0.30323749 0.30303518 0.30285679 0.30075238 0.30059741
 0.30055801 0.30055218 0.30040985 0.30040485 0.30013924 0.30004082
 0.29996799 0.29991846 0.29915766 0.29897361 0.29858182 0.29801674
 0.29793858 0.29668746 0.29648882 0.29622201 0.29619425 0.29609038
 0.29604695 0.29581294 0.2954916  0.29542991 0.29425788 0.29392754
 0.29337863 0.29325631 0.29325057 0.29269962 0.29129078 0.2907919
 0.29046747 0.29044289 0.2900971  0.29008276 0.28975272 0.28967098
 0.2895624  0.28938723 0.28893005 0.28892141 0.28844835 0.28795196
 0.28752212 0.2874613  0.28691259 0.28684729 0.28656584 0.28635329
 0.28570173 0.28526857 0.28526158 0.28499417 0.28419357 0.28411057
 0.28368672 0.2836473  0.28328854 0.28284987 0.28227962 0.28202558
 0.28166377 0.28147886 0.28144679 0.2814055  0.2811763  0.2811634
 0.28113166 0.28091752 0.27916535 0.27887078 0.27841068 0.27811231
 0.27783859 0.27774202 0.27770744 0.27755209 0.27746607 0.27720052
 0.2770005  0.27625503 0.27619025 0.27603269 0.27566472 0.27535275
 0.27521717 0.27507993 0.27503264 0.27470181 0.27376825 0.27342003
 0.2730458  0.27276993 0.27265907 0.27252419 0.27211465 0.27193077
 0.27193044 0.27187108 0.27158214 0.2715463  0.27153697 0.27148593
 0.2709557  0.27091279 0.27058931 0.27046164 0.27012487 0.27011485
 0.26978265 0.26936444 0.26927454 0.26911997 0.26867117 0.26850847
 0.26850259 0.26828259 0.26816599 0.26803577 0.26740903 0.26716889
 0.26670235 0.26665833 0.26473775 0.26463749 0.26434132 0.2638728
 0.26369712 0.26358623 0.26304731 0.26274232 0.26223561 0.26209682
 0.2614423  0.26127455 0.26100592 0.26090673 0.26005817 0.25999628
 0.25968854 0.25922267 0.25895101 0.25886751 0.25798399 0.2579331
 0.25752412 0.25747859 0.25685239 0.25652062 0.25597472 0.25565482
 0.25533371 0.25513181 0.25471401 0.25447727 0.25423971 0.25408323
 0.25345786 0.25343482 0.25309883 0.25278028 0.25237631 0.25191126
 0.25136091 0.25133454 0.25035254 0.25015569 0.25013846 0.25011742
 0.24993924 0.24991137 0.24979584 0.24954486 0.24944176 0.2490937
 0.24888014 0.24868998 0.24850972 0.24843128 0.24808817 0.24777927
 0.24759811 0.24716465 0.2464587  0.24622524 0.24552284 0.24542584
 0.24523865 0.2451444  0.24495151 0.2448055  0.24429224 0.24416368
 0.24401656 0.24358608 0.24345909 0.2433233  0.24317804 0.24309866
 0.24308289 0.24273103 0.24205359 0.24201083 0.2417742  0.24165795
 0.24123025 0.24117719 0.24115246 0.24086251 0.23939881 0.23920041
 0.23881632 0.23828535 0.23823603 0.23816679 0.23801082 0.23795023
 0.2378546  0.23780546 0.23686052 0.23662484 0.23579771 0.2357508
 0.23560242 0.23557209 0.23533556 0.23514767 0.2341125  0.23371242
 0.23194664 0.23183162 0.23136787 0.23127269 0.23069217 0.2304593
 0.23029191 0.23012226 0.22973371 0.22958964 0.22918452 0.22910649
 0.22859494 0.22813966 0.22781451 0.22759594 0.22746164 0.22729303
 0.22708906 0.22707923 0.22677948 0.22621275 0.22520967 0.22514015
 0.22495827 0.22470749 0.22456754 0.22451246 0.22317711 0.22310857
 0.22209423 0.22194708 0.2218337  0.22138069 0.22028986 0.22008748
 0.21950507 0.21891706 0.21840555 0.21796992 0.21769317 0.21662058
 0.21639987 0.21619633 0.21595433 0.21592766 0.21532346 0.21482903
 0.21471646 0.21456383 0.21427462 0.21408854 0.2137097  0.21367668
 0.21321222 0.21308071 0.21288282 0.21279476 0.21246085 0.21221225
 0.21135148 0.21110369 0.21097037 0.21070941 0.21017505 0.21003153
 0.20957532 0.20926191 0.20920889 0.20913838 0.20709754 0.20680915
 0.20363343 0.20358039 0.20310257 0.20249743 0.20243633 0.20222377
 0.20221419 0.2019719  0.20093002 0.19983298 0.19845014 0.1981063
 0.19687906 0.19590697 0.19561048 0.19550547 0.19387432 0.19359666
 0.19344361 0.19338861 0.19237583 0.19222443 0.18916149 0.18836667
 0.18771291 0.18675486 0.18390624 0.18357512 0.1825772  0.18250384
 0.18095786 0.18087978 0.17944575 0.17921466 0.17608374 0.17605238
 0.17426096 0.17412886 0.12932256]
minX :0.379616,  minY: 0.489164, mindist:0.636445, Threshold = 0.268036, minI =201 , fpr[min]=0.379616, tpr[min]=0.489164, false detection value= 257.000000, true detection value =158.000000 
Gender time: 0.017164 acc. 0.677000 select_1 0.000000 preY:1000.000000 testY:1000.000000 testX:1000.000000 select_2 1.000000
higherCorrect : 2, yesAccuracy : 0.002000,  lowerCorrect: 21, noAccuracy: 0.021000
lower threshold: 0.174129 ,   upperThreshold: 0.362773
[0.72118685 0.27881315]
[0.7455997 0.2544003]
[0.77140195 0.22859805]
[0.79151529 0.20848471]
[0.76544218 0.23455782]
[0.69434796 0.30565204]
[0.67306854 0.32693146]
[0.66785566 0.33214434]
[0.75884754 0.24115246]
[0.70870922 0.29129078]
[0.75111986 0.24888014]
[0.7054089 0.2945911]
[0.73565868 0.26434132]
[0.73792751 0.26207249]
[0.72835834 0.27164166]
[0.69959015 0.30040985]
[0.69612458 0.30387542]
[0.75001716 0.24998284]
[0.76001201 0.23998799]
[0.76428822 0.23571178]
[0.75006076 0.24993924]
[0.67765664 0.32234336]
[0.70737543 0.29262457]
[0.69637932 0.30362068]
[0.69019227 0.30980773]
[0.73376577 0.26623423]
[0.72978655 0.27021345]
[0.71663494 0.28336506]
[0.71429827 0.28570173]
[0.70127413 0.29872587]
[0.79756367 0.20243633]
[0.75474242 0.24525758]
[0.69248838 0.30751162]
[0.67880537 0.32119463]
[0.6613048 0.3386952]
[0.72251587 0.27748413]
[0.74297306 0.25702694]
[0.67438802 0.32561198]
[0.69615263 0.30384737]
[0.76875605 0.23124395]
[0.70124839 0.29875161]
[0.73183401 0.26816599]
[0.77971014 0.22028986]
[0.69275558 0.30724442]
[0.68762278 0.31237722]
[0.71600721 0.28399279]
[0.68881566 0.31118434]
[0.73149741 0.26850259]
[0.73845918 0.26154082]
[0.69459441 0.30540559]
[0.69516045 0.30483955]
[0.82817142 0.17182858]
[0.7862903 0.2137097]
[0.69861137 0.30138863]
[0.68070908 0.31929092]
[0.69541497 0.30458503]
[0.74237025 0.25762975]
[0.74498281 0.25501719]
[0.73092758 0.26907242]
[0.73775706 0.26224294]
[0.76845198 0.23154802]
[0.7682004 0.2317996]
[0.79105375 0.20894625]
[0.80568701 0.19431299]
[0.69894382 0.30105618]
[0.82594403 0.17405597]
[0.83806786 0.16193214]
[0.81705736 0.18294264]
[0.68733078 0.31266922]
[0.76863213 0.23136787]
[0.74640048 0.25359952]
[0.79457869 0.20542131]
[0.7652757 0.2347243]
[0.69223709 0.30776291]
[0.72033767 0.27966233]
[0.6813302 0.3186698]
[0.719592 0.280408]
[0.74089519 0.25910481]
[0.68691067 0.31308933]
[0.79863895 0.20136105]
[0.66399165 0.33600835]
[0.6586809 0.3413191]
[0.70084234 0.29915766]
[0.71262601 0.28737399]
[0.74100872 0.25899128]
[0.76970809 0.23029191]
[0.71615291 0.28384709]
[0.80506554 0.19493446]
[0.73674328 0.26325672]
[0.75301583 0.24698417]
[0.66818338 0.33181662]
[0.66666708 0.33333292]
[0.70139578 0.29860422]
[0.65973512 0.34026488]
[0.6487351 0.3512649]
[0.67415465 0.32584535]
[0.67267743 0.32732257]
[0.69924762 0.30075238]
[0.72158932 0.27841068]
[0.74826751 0.25173249]
[0.7841071 0.2158929]
[0.77615657 0.22384343]
[0.81070368 0.18929632]
[0.74670723 0.25329277]
[0.72841786 0.27158214]
[0.75240189 0.24759811]
[0.78864852 0.21135148]
[0.79188575 0.20811425]
[0.77026629 0.22973371]
[0.68518316 0.31481684]
[0.68475037 0.31524963]
[0.72585087 0.27414913]
[0.74127154 0.25872846]
[0.71371383 0.28628617]
[0.64371056 0.35628944]
[0.68463683 0.31536317]
[0.71807488 0.28192512]
[0.73899408 0.26100592]
[0.64090344 0.35909656]
[0.68089845 0.31910155]
[0.6945275 0.3054725]
[0.6858973 0.3141027]
[0.6704404 0.3295596]
[0.73801864 0.26198136]
[0.75335956 0.24664044]
[0.77564761 0.22435239]
[0.7421048 0.2578952]
[0.80304042 0.19695958]
[0.81191368 0.18808632]
[0.72680909 0.27319091]
[0.7054987 0.2945013]
[0.72828183 0.27171817]
[0.74466629 0.25533371]
[0.75014842 0.24985158]
[0.76097868 0.23902132]
[0.7535413 0.2464587]
[0.67553426 0.32446574]
[0.70624695 0.29375305]
[0.73319358 0.26680642]
[0.75504849 0.24495151]
[0.74163608 0.25836392]
[0.71155165 0.28844835]
[0.72376317 0.27623683]
[0.75103476 0.24896524]
[0.75540603 0.24459397]
[0.73323939 0.26676061]
[0.76492225 0.23507775]
[0.77318755 0.22681245]
[0.75309523 0.24690477]
[0.69510793 0.30489207]
[0.70428482 0.29571518]
[0.76830711 0.23169289]
[0.77402219 0.22597781]
[0.84777271 0.15222729]
[0.74986154 0.25013846]
[0.73655562 0.26344438]
[0.70395305 0.29604695]
[0.74654214 0.25345786]
[0.68133691 0.31866309]
[0.69696482 0.30303518]
[0.64984781 0.35015219]
[0.7385577 0.2614423]
[0.77543246 0.22456754]
[0.75570776 0.24429224]
[0.76195314 0.23804686]
[0.76259737 0.23740263]
[0.7099531 0.2900469]
[0.70629274 0.29370726]
[0.66932339 0.33067661]
[0.6789456 0.3210544]
[0.71631328 0.28368672]
[0.71024728 0.28975272]
[0.73367629 0.26632371]
[0.73021735 0.26978265]
[0.74690117 0.25309883]
[0.7229995 0.2770005]
[0.80231676 0.19768324]
[0.80713292 0.19286708]
[0.77419444 0.22580556]
[0.66648874 0.33351126]
[0.66354871 0.33645129]
[0.72806956 0.27193044]
[0.70988141 0.29011859]
[0.70809925 0.29190075]
[0.71107859 0.28892141]
[0.65942644 0.34057356]
[0.72350798 0.27649202]
[0.70313549 0.29686451]
[0.72723007 0.27276993]
[0.70607246 0.29392754]
[0.72279948 0.27720052]
[0.72112922 0.27887078]
[0.69113768 0.30886232]
[0.79701501 0.20298499]
[0.80325 0.19675]
[0.81322246 0.18677754]
[0.75120647 0.24879353]
[0.74434518 0.25565482]
[0.72747581 0.27252419]
[0.7092081 0.2907919]
[0.76603677 0.23396323]
[0.75156872 0.24843128]
[0.75798917 0.24201083]
[0.76183321 0.23816679]
[0.7548556 0.2451444]
[0.76987774 0.23012226]
[0.78590105 0.21409895]
[0.70457009 0.29542991]
[0.76219454 0.23780546]
[0.72492007 0.27507993]
[0.66956247 0.33043753]
[0.81163333 0.18836667]
[0.69275173 0.30724827]
[0.68858516 0.31141484]
[0.81324514 0.18675486]
[0.75222073 0.24777927]
[0.7028441 0.2971559]
[0.75247133 0.24752867]
[0.80337016 0.19662984]
[0.75481306 0.24518694]
[0.78720524 0.21279476]
[0.77689143 0.22310857]
[0.77186034 0.22813966]
[0.7185945 0.2814055]
[0.66873594 0.33126406]
[0.67347393 0.32652607]
[0.69672797 0.30327203]
[0.78407234 0.21592766]
[0.78203008 0.21796992]
[0.70674369 0.29325631]
[0.68667816 0.31332184]
[0.66311285 0.33688715]
[0.64757879 0.35242121]
[0.69131237 0.30868763]
[0.71852114 0.28147886]
[0.66652629 0.33347371]
[0.65040186 0.34959814]
[0.76164175 0.23835825]
[0.77182367 0.22817633]
[0.75698583 0.24301417]
[0.79750257 0.20249743]
[0.74656518 0.25343482]
[0.66970276 0.33029724]
[0.68334049 0.31665951]
[0.73171741 0.26828259]
[0.73909327 0.26090673]
[0.82394762 0.17605238]
[0.67671404 0.32328596]
[0.70357954 0.29642046]
[0.72806923 0.27193077]
[0.64742604 0.35257396]
[0.66668767 0.33331233]
[0.75692456 0.24307544]
[0.78283287 0.21716713]
[0.68548437 0.31451563]
[0.7642492 0.2357508]
[0.62080302 0.37919698]
[0.68301035 0.31698965]
[0.67354268 0.32645732]
[0.75509016 0.24490984]
[0.75088354 0.24911646]
[0.68158254 0.31841746]
[0.73641377 0.26358623]
[0.75834205 0.24165795]
[0.76337516 0.23662484]
[0.64210433 0.35789567]
[0.66877191 0.33122809]
[0.65627816 0.34372184]
[0.70353053 0.29646947]
[0.70179723 0.29820277]
[0.72261408 0.27738592]
[0.76072344 0.23927656]
[0.70418706 0.29581294]
[0.75006083 0.24993917]
[0.72464725 0.27535275]
[0.754838 0.245162]
[0.68210132 0.31789868]
[0.70102639 0.29897361]
[0.67279851 0.32720149]
[0.6410242 0.3589758]
[0.65042521 0.34957479]
[0.7163527 0.2836473]
[0.69224513 0.30775487]
[0.71315271 0.28684729]
[0.80449453 0.19550547]
[0.81912022 0.18087978]
[0.82587114 0.17412886]
[0.75131002 0.24868998]
[0.73604799 0.26395201]
[0.77240406 0.22759594]
[0.73144723 0.26855277]
[0.67463417 0.32536583]
[0.8018937 0.1981063]
[0.79319085 0.20680915]
[0.78195158 0.21804842]
[0.76872731 0.23127269]
[0.7566767 0.2433233]
[0.7695407 0.2304593]
[0.75641392 0.24358608]
[0.75614511 0.24385489]
[0.7509063 0.2490937]
[0.7420669 0.2579331]
[0.69343792 0.30656208]
[0.72812892 0.27187108]
[0.75045514 0.24954486]
[0.75511668 0.24488332]
[0.71797442 0.28202558]
[0.7226421 0.2773579]
[0.72908721 0.27091279]
[0.78771999 0.21228001]
[0.78691929 0.21308071]
[0.82078534 0.17921466]
[0.68875607 0.31124393]
[0.70581492 0.29418508]
[0.77182968 0.22817032]
[0.80661139 0.19338861]
[0.78517097 0.21482903]
[0.78778775 0.21221225]
[0.7980281 0.2019719]
[0.7361272 0.2638728]
[0.73334167 0.26665833]
[0.76079959 0.23920041]
[0.78108294 0.21891706]
[0.7551945 0.2448055]
[0.77548754 0.22451246]
[0.74252141 0.25747859]
[0.73790318 0.26209682]
[0.70991724 0.29008276]
[0.76628758 0.23371242]
[0.77088259 0.22911741]
[0.73283111 0.26716889]
[0.73725768 0.26274232]
[0.72657997 0.27342003]
[0.72374497 0.27625503]
[0.72396291 0.27603709]
[0.79952603 0.20047397]
[0.78241233 0.21758767]
[0.78591146 0.21408854]
[0.81749616 0.18250384]
[0.75913749 0.24086251]
[0.70886212 0.29113788]
[0.7087126 0.2912874]
[0.72851407 0.27148593]
[0.76171465 0.23828535]
[0.77485985 0.22514015]
[0.79777623 0.20222377]
[0.73149153 0.26850847]
[0.74808874 0.25191126]
[0.71730872 0.28269128]
[0.76761127 0.23238873]
[0.8659619 0.1340381]
[0.87067744 0.12932256]
[0.70141818 0.29858182]
[0.76420229 0.23579771]
[0.74354484 0.25645516]
[0.77098628 0.22901372]
[0.78127485 0.21872515]
[0.73833135 0.26166865]
[0.77448359 0.22551641]
[0.83768674 0.16231326]
[0.7188237 0.2811763]
[0.69640941 0.30359059]
[0.72570959 0.27429041]
[0.66028917 0.33971083]
[0.74031146 0.25968854]
[0.72379679 0.27620321]
[0.79216853 0.20783147]
[0.80762417 0.19237583]
[0.79160908 0.20839092]
[0.80288259 0.19711741]
[0.81795797 0.18204203]
[0.70662137 0.29337863]
[0.77570936 0.22429064]
[0.77504173 0.22495827]
[0.7104376 0.2895624]
[0.75775289 0.24224711]
[0.76930783 0.23069217]
[0.73776439 0.26223561]
[0.74964746 0.25035254]
[0.7575199 0.2424801]
[0.77140506 0.22859494]
[0.79010321 0.20989679]
[0.72253393 0.27746607]
[0.76507636 0.23492364]
[0.83102278 0.16897722]
[0.84002374 0.15997626]
[0.8231574 0.1768426]
[0.72433528 0.27566472]
[0.74372626 0.25627374]
[0.75672853 0.24327147]
[0.71243805 0.28756195]
[0.72609685 0.27390315]
[0.76547335 0.23452665]
[0.67595659 0.32404341]
[0.68234019 0.31765981]
[0.79636657 0.20363343]
[0.79217857 0.20782143]
[0.74931027 0.25068973]
[0.71772038 0.28227962]
[0.72734093 0.27265907]
[0.72408343 0.27591657]
[0.72987513 0.27012487]
[0.69966925 0.30033075]
[0.69747954 0.30252046]
[0.69843918 0.30156082]
[0.74384391 0.25615609]
[0.72001454 0.27998546]
[0.81487362 0.18512638]
[0.82384819 0.17615181]
[0.79172958 0.20827042]
[0.81383744 0.18616256]
[0.80433087 0.19566913]
[0.73283483 0.26716517]
[0.7353906 0.2646094]
[0.77479033 0.22520967]
[0.81420261 0.18579739]
[0.72846303 0.27153697]
[0.68708672 0.31291328]
[0.7277956 0.2722044]
[0.70823821 0.29176179]
[0.74104899 0.25895101]
[0.77715604 0.22284396]
[0.7052696 0.2947304]
[0.72083465 0.27916535]
[0.72122985 0.27877015]
[0.7324068 0.2675932]
[0.70989235 0.29010765]
[0.70574212 0.29425788]
[0.73472663 0.26527337]
[0.82391626 0.17608374]
[0.78753915 0.21246085]
[0.79269256 0.20730744]
[0.79501291 0.20498709]
[0.70003201 0.29996799]
[0.76376929 0.23623071]
[0.78528354 0.21471646]
[0.84879928 0.15120072]
[0.72876256 0.27123744]
[0.68979124 0.31020876]
[0.72920968 0.27079032]
[0.71563673 0.28436327]
[0.74495357 0.25504643]
[0.75682196 0.24317804]
[0.76439758 0.23560242]
[0.76466444 0.23533556]
[0.72014624 0.27985376]
[0.72818785 0.27181215]
[0.68890756 0.31109244]
[0.67412188 0.32587812]
[0.74863909 0.25136091]
[0.69553887 0.30446113]
[0.74168319 0.25831681]
[0.72941069 0.27058931]
[0.80514228 0.19485772]
[0.83353632 0.16646368]
[0.79170028 0.20829972]
[0.76040072 0.23959928]
[0.76420136 0.23579864]
[0.76270228 0.23729772]
[0.78841477 0.21158523]
[0.77434996 0.22565004]
[0.72431512 0.27568488]
[0.75936389 0.24063611]
[0.73840244 0.26159756]
[0.77132051 0.22867949]
[0.77897188 0.22102812]
[0.74126113 0.25873887]
[0.72125889 0.27874111]
[0.70937478 0.29062522]
[0.69923555 0.30076445]
[0.65441626 0.34558374]
[0.78711718 0.21288282]
[0.69316925 0.30683075]
[0.74141902 0.25858098]
[0.82055425 0.17944575]
[0.74215616 0.25784384]
[0.76255034 0.23744966]
[0.77322052 0.22677948]
[0.75447716 0.24552284]
[0.77004579 0.22995421]
[0.75055824 0.24944176]
[0.69718664 0.30281336]
[0.6576349 0.3423651]
[0.69407499 0.30592501]
[0.78159445 0.21840555]
[0.77291094 0.22708906]
[0.74599987 0.25400013]
[0.71665643 0.28334357]
[0.73630288 0.26369712]
[0.79042468 0.20957532]
[0.72778617 0.27221383]
[0.74085202 0.25914798]
[0.71715525 0.28284475]
[0.74247588 0.25752412]
[0.73490196 0.26509804]
[0.6610965 0.3389035]
[0.76992596 0.23007404]
[0.79538773 0.20461227]
[0.69227776 0.30772224]
[0.74988258 0.25011742]
[0.7125387 0.2874613]
[0.70320322 0.29679678]
[0.73632824 0.26367176]
[0.72307812 0.27692188]
[0.70955711 0.29044289]
[0.74113249 0.25886751]
[0.72384861 0.27615139]
[0.75690134 0.24309866]
[0.72953836 0.27046164]
[0.69483841 0.30516159]
[0.78632332 0.21367668]
[0.6998996 0.3001004]
[0.75008863 0.24991137]
[0.78543617 0.21456383]
[0.69339896 0.30660104]
[0.70954635 0.29045365]
[0.67807938 0.32192062]
[0.68336967 0.31663033]
[0.68520667 0.31479333]
[0.7218023 0.2781977]
[0.78162219 0.21837781]
[0.71204804 0.28795196]
[0.6926791 0.3073209]
[0.73088003 0.26911997]
[0.74347938 0.25652062]
[0.72225798 0.27774202]
[0.76816838 0.23183162]
[0.69533344 0.30466656]
[0.67026315 0.32973685]
[0.75075194 0.24924806]
[0.70008154 0.29991846]
[0.71773424 0.28226576]
[0.72396731 0.27603269]
[0.77991252 0.22008748]
[0.79971448 0.20028552]
[0.71500583 0.28499417]
[0.73054109 0.26945891]
[0.73081993 0.26918007]
[0.71431798 0.28568202]
[0.66594356 0.33405644]
[0.75283535 0.24716465]
[0.69714321 0.30285679]
[0.76327818 0.23672182]
[0.78683025 0.21316975]
[0.7850011 0.2149989]
[0.78083803 0.21916197]
[0.79641961 0.20358039]
[0.76204977 0.23795023]
[0.72188769 0.27811231]
[0.73196423 0.26803577]
[0.81642488 0.18357512]
[0.80777557 0.19222443]
[0.71032902 0.28967098]
[0.71588943 0.28411057]
[0.72988515 0.27011485]
[0.7188366 0.2811634]
[0.66119207 0.33880793]
[0.68144959 0.31855041]
[0.63722718 0.36277282]
[0.74591677 0.25408323]
[0.77378725 0.22621275]
[0.67371905 0.32628095]
[0.78293726 0.21706274]
[0.78889631 0.21110369]
[0.68787065 0.31212935]
[0.73143809 0.26856191]
[0.7284537 0.2715463]
[0.79086162 0.20913838]
[0.75249423 0.24750577]
[0.70377799 0.29622201]
[0.70390962 0.29609038]
[0.69944782 0.30055218]
[0.6931294 0.3068706]
[0.77546302 0.22453698]
[0.70385414 0.29614586]
[0.69650281 0.30349719]
[0.69625702 0.30374298]
[0.80340857 0.19659143]
[0.79073809 0.20926191]
[0.77292077 0.22707923]
[0.73865453 0.26134547]
[0.79749423 0.20250577]
[0.74077733 0.25922267]
[0.69940259 0.30059741]
[0.66948156 0.33051844]
[0.71473143 0.28526857]
[0.77089351 0.22910649]
[0.68455142 0.31544858]
[0.71715013 0.28284987]
[0.67696143 0.32303857]
[0.78337942 0.21662058]
[0.71498622 0.28501378]
[0.77270697 0.22729303]
[0.76601912 0.23398088]
[0.70363304 0.29636696]
[0.73872545 0.26127455]
[0.73695695 0.26304305]
[0.750844 0.249156]
[0.73536251 0.26463749]
[0.70412734 0.29587266]
[0.75377476 0.24622524]
[0.67978875 0.32021125]
[0.69191166 0.30808834]
[0.76141343 0.23858657]
[0.74486819 0.25513181]
[0.69302228 0.30697772]
[0.68343316 0.31656684]
[0.70198326 0.29801674]
[0.70730038 0.29269962]
[0.74204486 0.25795514]
[0.76442791 0.23557209]
[0.76485233 0.23514767]
[0.73063556 0.26936444]
[0.74721972 0.25278028]
[0.77805292 0.22194708]
[0.80340006 0.19659994]
[0.80409303 0.19590697]
[0.75882281 0.24117719]
[0.77545017 0.22454983]
[0.7305418 0.2694582]
[0.71061277 0.28938723]
[0.72529819 0.27470181]
[0.74984431 0.25015569]
[0.75085624 0.24914376]
[0.7847929 0.2152071]
[0.80016702 0.19983298]
[0.77861931 0.22138069]
[0.68354384 0.31645616]
[0.71908248 0.28091752]
[0.694402 0.305598]
[0.72229849 0.27770151]
[0.74552273 0.25447727]
[0.71250915 0.28749085]
[0.66608193 0.33391807]
[0.69959515 0.30040485]
[0.72244791 0.27755209]
[0.72435006 0.27564994]
[0.69676251 0.30323749]
[0.70331254 0.29668746]
[0.77529251 0.22470749]
[0.80640334 0.19359666]
[0.75583632 0.24416368]
[0.78929059 0.21070941]
[0.77041036 0.22958964]
[0.7497551 0.2502449]
[0.75356852 0.24643148]
[0.73713674 0.26286326]
[0.74000372 0.25999628]
[0.74866546 0.25133454]
[0.78380367 0.21619633]
[0.69995918 0.30004082]
[0.71364671 0.28635329]
[0.75116924 0.24883076]
[0.75457416 0.24542584]
[0.75726897 0.24273103]
[0.69405718 0.30594282]
[0.78996847 0.21003153]
[0.73765501 0.26234499]
[0.76791185 0.23208815]
[0.7621454 0.2378546]
[0.74528599 0.25471401]
[0.77682289 0.22317711]
[0.77702199 0.22297801]
[0.76805336 0.23194664]
[0.7989234 0.2010766]
[0.69944199 0.30055801]
[0.71664659 0.28335341]
[0.70447812 0.29552188]
[0.76511087 0.23488913]
[0.76349 0.23651]
[0.77891477 0.22108523]
[0.67660907 0.32339093]
[0.68066906 0.31933094]
[0.74091289 0.25908711]
[0.74025416 0.25974584]
[0.72623175 0.27376825]
[0.7290187 0.2709813]
[0.69152873 0.30847127]
[0.73877712 0.26122288]
[0.78967256 0.21032744]
[0.76562093 0.23437907]
[0.76907542 0.23092458]
[0.74307369 0.25692631]
[0.73526225 0.26473775]
[0.72476657 0.27523343]
[0.73994183 0.26005817]
[0.78894112 0.21105888]
[0.78418034 0.21581966]
[0.76793886 0.23206114]
[0.78902963 0.21097037]
[0.78897873 0.21102127]
[0.71022064 0.28977936]
[0.72478283 0.27521717]
[0.75304332 0.24695668]
[0.84344178 0.15655822]
[0.83505189 0.16494811]
[0.81749937 0.18250063]
[0.7611446 0.2388554]
[0.79437906 0.20562094]
[0.79516994 0.20483006]
[0.73825815 0.26174185]
[0.763577 0.236423]
[0.73557326 0.26442674]
[0.74234657 0.25765343]
[0.75794641 0.24205359]
[0.83362856 0.16637144]
[0.81904214 0.18095786]
[0.81792179 0.18207821]
[0.74576029 0.25423971]
[0.69273782 0.30726218]
[0.75020416 0.24979584]
[0.72496736 0.27503264]
[0.72917359 0.27082641]
[0.74853661 0.25146339]
[0.75737654 0.24262346]
[0.75654091 0.24345909]
[0.84030477 0.15969523]
[0.82573904 0.17426096]
[0.7777436 0.2222564]
[0.7658875 0.2341125]
[0.75964644 0.24035356]
[0.79239893 0.20760107]
[0.81083851 0.18916149]
[0.79587635 0.20412365]
[0.77437122 0.22562878]
[0.76798174 0.23201826]
[0.76176397 0.23823603]
[0.76313948 0.23686052]
[0.74258226 0.25741774]
[0.74402528 0.25597472]
[0.76758553 0.23241447]
[0.79689743 0.20310257]
[0.79441866 0.20558134]
[0.79778581 0.20221419]
[0.79152957 0.20847043]
[0.80612568 0.19387432]
[0.76367264 0.23632736]
[0.71069231 0.28930769]
[0.7256321 0.2743679]
[0.72821885 0.27178115]
[0.76289825 0.23710175]
[0.71833623 0.28166377]
[0.77556065 0.22443935]
[0.81349836 0.18650164]
[0.79906998 0.20093002]
[0.80655639 0.19344361]
[0.73132883 0.26867117]
[0.71106995 0.28893005]
[0.71751681 0.28248319]
[0.79555803 0.20444197]
[0.73094603 0.26905397]
[0.76060119 0.23939881]
[0.79371664 0.20628336]
[0.782114 0.217886]
[0.80051406 0.19948594]
[0.71548736 0.28451264]
[0.80271144 0.19728856]
[0.7781663 0.2218337]
[0.78982495 0.21017505]
[0.77115218 0.22884782]
[0.74673821 0.25326179]
[0.7098082 0.2901918]
[0.77617265 0.22382735]
[0.76376774 0.23623226]
[0.78360013 0.21639987]
[0.72380975 0.27619025]
[0.74465659 0.25534341]
[0.78230683 0.21769317]
[0.77026618 0.22973382]
[0.76798246 0.23201754]
[0.80152607 0.19847393]
[0.78345895 0.21654105]
[0.80259242 0.19740758]
[0.74006877 0.25993123]
[0.75598344 0.24401656]
[0.75544463 0.24455537]
[0.72990773 0.27009227]
[0.72229256 0.27770744]
[0.76432951 0.23567049]
[0.75876975 0.24123025]
[0.78624768 0.21375232]
[0.76242801 0.23757199]
[0.73806079 0.26193921]
[0.7283282 0.2716718]
[0.7099029 0.2900971]
[0.69054771 0.30945229]
[0.70811621 0.29188379]
[0.70798064 0.29201936]
[0.71308741 0.28691259]
[0.80925748 0.19074252]
[0.80833361 0.19166639]
[0.81941786 0.18058214]
[0.80216471 0.19783529]
[0.78663523 0.21336477]
[0.75496272 0.24503728]
[0.79413339 0.20586661]
[0.81925409 0.18074591]
[0.84258696 0.15741304]
[0.82462935 0.17537065]
[0.78551968 0.21448032]
[0.78559662 0.21440338]
[0.76878769 0.23121231]
[0.7269542 0.2730458]
[0.73383397 0.26616603]
[0.73259097 0.26740903]
[0.76404486 0.23595514]
[0.77952315 0.22047685]
[0.83262769 0.16737231]
[0.80154986 0.19845014]
[0.81193146 0.18806854]
[0.79164246 0.20835754]
[0.81228709 0.18771291]
[0.8303614 0.1696386]
[0.79290246 0.20709754]
[0.8174228 0.1825772]
[0.76466133 0.23533867]
[0.75226879 0.24773121]
[0.83505898 0.16494102]
[0.74295116 0.25704884]
[0.74738523 0.25261477]
[0.74017321 0.25982679]
[0.71805707 0.28194293]
[0.75691711 0.24308289]
[0.78019241 0.21980759]
[0.76308603 0.23691397]
[0.75149028 0.24850972]
[0.77749574 0.22250426]
[0.75476135 0.24523865]
[0.75223479 0.24776521]
[0.73387804 0.26612196]
[0.76803697 0.23196303]
[0.73510737 0.26489263]
[0.71247788 0.28752212]
[0.75669654 0.24330346]
[0.77081548 0.22918452]
[0.80041007 0.19958993]
[0.84021595 0.15978405]
[0.77218549 0.22781451]
[0.79377847 0.20622153]
[0.68400417 0.31599583]
[0.69230247 0.30769753]
[0.69170966 0.30829034]
[0.74314761 0.25685239]
[0.74001381 0.25998619]
[0.71473842 0.28526158]
[0.70760251 0.29239749]
[0.68501894 0.31498106]
[0.70613987 0.29386013]
[0.81760646 0.18239354]
[0.68803366 0.31196634]
[0.73296275 0.26703725]
[0.70995405 0.29004595]
[0.772808 0.227192]
[0.78049493 0.21950507]
[0.76198918 0.23801082]
[0.75191183 0.24808817]
[0.7354669 0.2645331]
[0.75222632 0.24777368]
[0.76580284 0.23419716]
[0.72732875 0.27267125]
[0.74201601 0.25798399]
[0.73695269 0.26304731]
[0.80438952 0.19561048]
[0.79436516 0.20563484]
[0.78752293 0.21247707]
[0.71568344 0.28431656]
[0.69986076 0.30013924]
[0.79892157 0.20107843]
[0.74189021 0.25810979]
[0.71886834 0.28113166]
[0.75379138 0.24620862]
[0.7422999 0.2577001]
[0.73875904 0.26124096]
[0.71944909 0.28055091]
[0.76275843 0.23724157]
[0.73951795 0.26048205]
[0.7582258 0.2417742]
[0.78897029 0.21102971]
[0.79887561 0.20112439]
[0.80312094 0.19687906]
[0.77790577 0.22209423]
[0.76800211 0.23199789]
[0.7010744 0.2989256]
[0.6869116 0.3130884]
[0.72813846 0.27186154]
[0.82703182 0.17296818]
[0.81208775 0.18791225]
[0.8148189 0.1851811]
[0.81609376 0.18390624]
[0.80705757 0.19294243]
[0.8064052 0.1935948]
[0.79598904 0.20401096]
[0.68007746 0.31992254]
[0.64190692 0.35809308]
[0.69508334 0.30491666]
[0.69749769 0.30250231]
[0.70953253 0.29046747]
[0.78404567 0.21595433]
[0.69806406 0.30193594]
[0.69270543 0.30729457]
[0.74950049 0.25049951]
[0.7473991 0.2526009]
[0.73666068 0.26333932]
[0.71343416 0.28656584]
[0.71671146 0.28328854]
[0.79597075 0.20402925]
[0.79423332 0.20576668]
[0.80152817 0.19847183]
[0.68059019 0.31940981]
[0.66622923 0.33377077]
[0.74757477 0.25242523]
[0.7290443 0.2709557]
[0.72788535 0.27211465]
[0.68448312 0.31551688]
[0.73926446 0.26073554]
[0.71553716 0.28446284]
[0.75953401 0.24046599]
[0.72879475 0.27120525]
[0.74879841 0.25120159]
[0.73762607 0.26237393]
[0.72750314 0.27249686]
[0.76708446 0.23291554]
[0.70674943 0.29325057]
[0.70206142 0.29793858]
[0.70380575 0.29619425]
[0.72870259 0.27129741]
[0.74850456 0.25149544]
[0.71338583 0.28661417]
[0.75728176 0.24271824]
[0.79105076 0.20894924]
[0.77096772 0.22903228]
[0.72216141 0.27783859]
[0.70566457 0.29433543]
[0.69113076 0.30886924]
[0.7079018 0.2920982]
[0.72662914 0.27337086]
[0.66205124 0.33794876]
[0.78572538 0.21427462]
[0.71415448 0.28584552]
[0.7045084 0.2954916]
[0.74627732 0.25372268]
[0.71263172 0.28736828]
[0.75410149 0.24589851]
[0.73881541 0.26118459]
[0.74272736 0.25727264]
[0.74840782 0.25159218]
[0.79321745 0.20678255]
[0.71855321 0.28144679]
[0.74124054 0.25875946]
[0.69418715 0.30581285]
[0.75328911 0.24671089]
[0.78467654 0.21532346]
[0.74604781 0.25395219]
[0.79329956 0.20670044]
[0.79079111 0.20920889]
[0.7902388 0.2097612]
[0.72761576 0.27238424]
[0.73329765 0.26670235]
[0.69815151 0.30184849]
[0.70351118 0.29648882]
[0.67230465 0.32769535]
[0.72618919 0.27381081]
[0.73750638 0.26249362]
[0.79374128 0.20625872]
[0.77253836 0.22746164]
[0.77816292 0.22183708]
[0.73392378 0.26607622]
[0.76830337 0.23169663]
[0.75764999 0.24235001]
[0.74121632 0.25878368]
[0.7373426 0.2626574]
[0.66753186 0.33246814]
[0.68166514 0.31833486]
[0.76996815 0.23003185]
[0.76740636 0.23259364]
[0.73205162 0.26794838]
[0.73320275 0.26679725]
[0.78678778 0.21321222]
[0.71604974 0.28395026]
[0.73284236 0.26715764]
[0.67514778 0.32485222]
[0.725834 0.274166]
[0.71566515 0.28433485]
[0.64547845 0.35452155]
[0.71580643 0.28419357]
[0.76631768 0.23368232]
[0.76695259 0.23304741]
[0.72731475 0.27268525]
[0.74762369 0.25237631]
[0.71761655 0.28238345]
[0.73072546 0.26927454]
[0.7600628 0.2399372]
[0.66916752 0.33083248]
[0.74463187 0.25536813]
[0.7702137 0.2297863]
[0.75238722 0.24761278]
[0.69808132 0.30191868]
[0.73105673 0.26894327]
[0.74870088 0.25129912]
[0.76118368 0.23881632]
predicted value
0
0
0
0
0
0
0
0
0
0
0
0
0
0
0
0
0
0
0
0
0
0
0
0
0
0
0
0
0
0
0
0
0
0
0
0
0
0
0
0
0
0
0
0
0
0
0
0
0
0
0
0
0
0
0
0
0
0
0
0
0
0
0
0
0
0
0
0
0
0
0
0
0
0
0
0
0
0
0
0
0
0
0
0
0
0
0
0
0
0
0
0
0
0
0
0
0
0
0
0
0
0
0
0
0
0
0
0
0
0
0
0
0
0
0
0
0
0
0
0
0
0
0
0
0
0
0
0
0
0
0
0
0
0
0
0
0
0
0
0
0
0
0
0
0
0
0
0
0
0
0
0
0
0
0
0
0
0
0
0
0
0
0
0
0
0
0
0
0
0
0
0
0
0
0
0
0
0
0
0
0
0
0
0
0
0
0
0
0
0
0
0
0
0
0
0
0
0
0
0
0
0
0
0
0
0
0
0
0
0
0
0
0
0
0
0
0
0
0
0
0
0
0
0
0
0
0
0
0
0
0
0
0
0
0
0
0
0
0
0
0
0
0
0
0
0
0
0
0
0
0
0
0
0
0
0
0
0
0
0
0
0
0
0
0
0
0
0
0
0
0
0
0
0
0
0
0
0
0
0
0
0
0
0
0
0
0
0
0
0
0
0
0
0
0
0
0
0
0
0
0
0
0
0
0
0
0
0
0
0
0
0
0
0
0
0
0
0
0
0
0
0
0
0
0
0
0
0
0
0
0
0
0
0
0
0
0
0
0
0
0
0
0
0
0
0
0
0
0
0
0
0
0
0
0
0
0
0
0
0
0
0
0
0
0
0
0
0
0
0
0
0
0
0
0
0
0
0
0
0
0
0
0
0
0
0
0
0
0
0
0
0
0
0
0
0
0
0
0
0
0
0
0
0
0
0
0
0
0
0
0
0
0
0
0
0
0
0
0
0
0
0
0
0
0
0
0
0
0
0
0
0
0
0
0
0
0
0
0
0
0
0
0
0
0
0
0
0
0
0
0
0
0
0
0
0
0
0
0
0
0
0
0
0
0
0
0
0
0
0
0
0
0
0
0
0
0
0
0
0
0
0
0
0
0
0
0
0
0
0
0
0
0
0
0
0
0
0
0
0
0
0
0
0
0
0
0
0
0
0
0
0
0
0
0
0
0
0
0
0
0
0
0
0
0
0
0
0
0
0
0
0
0
0
0
0
0
0
0
0
0
0
0
0
0
0
0
0
0
0
0
0
0
0
0
0
0
0
0
0
0
0
0
0
0
0
0
0
0
0
0
0
0
0
0
0
0
0
0
0
0
0
0
0
0
0
0
0
0
0
0
0
0
0
0
0
0
0
0
0
0
0
0
0
0
0
0
0
0
0
0
0
0
0
0
0
0
0
0
0
0
0
0
0
0
0
0
0
0
0
0
0
0
0
0
0
0
0
0
0
0
0
0
0
0
0
0
0
0
0
0
0
0
0
0
0
0
0
0
0
0
0
0
0
0
0
0
0
0
0
0
0
0
0
0
0
0
0
0
0
0
0
0
0
0
0
0
0
0
0
0
0
0
0
0
0
0
0
0
0
0
0
0
0
0
0
0
0
0
0
0
0
0
0
0
0
0
0
0
0
0
0
0
0
0
0
0
0
0
0
0
0
0
0
0
0
0
0
0
0
0
0
0
0
0
0
0
0
0
0
0
0
0
0
0
0
0
0
0
0
0
0
0
0
0
0
0
0
0
0
0
0
0
0
0
0
0
0
0
0
0
0
0
0
0
0
0
0
0
0
0
0
0
0
0
0
0
0
0
0
0
0
0
0
0
0
0
0
0
0
0
0
0
0
0
0
0
0
0
0
0
0
0
0
0
0
0
0
0
0
0
0
0
0
0
0
0
0
0
0
0
0
0
0
0
0
0
0
0
0
0
0
0
0
0
0
0
0
0
0
0
0
0
0
0
0
0
0
0
0
0
0
0
0
0
0
0
0
0
0
0
0
0
0
0
0
0
0
0
0
0
0
0
0
0
0
0
0
0
0
0
0
0
0
0
0
0
0
0
0
0
0
0
0
0
0
0
0
0
0
0
0
0
0
0
0
0
0
0
0
0
0
0
0
0
0
0
0
0
0
0
0
0
0
0
0
0
0
0
0
0
0
0
0
0
0
0
0
0
0
0
0
0
0
0
0
0
0
0
0
0
0
0
0
0
0
0
0
0
0
0
0
0
0
0
0
0
0
0
0
0
0
0
0
0
0
0
0
0
0
True value
0
0
0
0
0
0
0
0
0
0
0
0
0
0
0
0
0
0
0
0
0
0
0
0
0
0
0
0
0
0
0
0
0
0
0
0
0
0
0
0
0
0
0
0
0
0
0
0
0
0
0
0
0
0
0
0
0
0
0
0
0
0
0
0
0
0
0
0
0
0
0
0
0
0
0
0
0
0
0
0
0
0
0
0
0
0
0
0
0
0
0
0
0
0
0
0
0
0
0
0
0
0
0
0
0
0
0
0
0
0
0
0
0
0
0
0
0
0
0
0
0
0
0
0
0
0
0
0
0
0
0
0
0
0
0
0
0
0
0
0
0
0
0
0
0
0
0
0
0
0
0
0
0
0
0
0
0
0
0
0
0
0
0
0
0
0
0
0
0
0
0
0
0
0
0
0
0
0
0
0
0
0
0
0
1
1
1
1
1
1
1
1
1
1
1
1
1
1
1
1
1
1
1
1
1
1
1
1
1
1
1
1
1
1
1
1
1
1
1
1
1
1
1
1
1
1
1
1
1
1
1
1
1
1
1
1
1
1
1
1
1
1
1
1
1
1
1
1
1
1
1
1
1
1
1
1
1
1
1
1
1
1
1
1
1
1
1
1
1
1
1
1
1
1
1
1
1
1
1
1
1
1
1
1
1
1
1
1
1
1
1
1
1
1
1
1
1
1
1
1
1
1
1
1
1
1
1
1
1
1
1
1
1
1
1
1
1
1
1
1
1
1
1
1
1
1
1
1
1
1
1
1
1
1
1
1
1
1
1
1
1
1
1
1
1
1
1
1
0
0
0
0
0
0
0
0
0
0
0
0
0
0
0
0
0
0
0
0
0
0
0
0
0
0
0
0
0
0
0
0
0
0
0
0
0
0
0
0
0
0
0
0
0
0
0
0
0
0
0
0
0
0
0
0
0
0
0
0
0
0
0
0
0
0
0
0
0
0
0
0
0
0
0
0
0
0
0
0
0
0
0
0
0
0
0
0
0
0
0
0
0
0
0
0
0
0
0
0
0
0
0
0
0
0
0
0
0
0
0
0
0
0
0
0
0
0
0
0
0
0
0
0
0
0
0
0
0
0
0
0
0
0
0
0
0
0
0
0
0
0
0
0
0
0
0
0
0
0
1
1
1
1
1
1
1
1
1
1
1
1
1
1
1
1
1
1
1
1
1
1
1
1
1
1
1
1
1
1
1
1
1
1
1
1
1
1
1
1
1
1
1
1
1
1
1
1
1
1
1
1
1
1
1
1
1
1
1
1
1
1
1
1
1
1
1
1
1
1
1
1
1
1
1
1
1
1
1
1
1
1
1
1
1
1
1
1
1
1
1
1
1
1
1
1
1
1
1
1
1
1
1
1
1
1
1
1
1
1
1
1
1
1
1
1
1
1
1
1
1
1
1
1
1
1
1
1
1
1
1
1
1
1
1
1
1
1
1
1
1
1
1
1
1
1
1
1
1
1
1
1
1
1
1
1
1
1
1
0
0
0
0
0
0
0
0
0
0
0
0
0
0
0
0
0
0
0
0
0
0
0
0
0
0
0
0
0
0
0
0
0
0
0
0
0
0
0
0
0
0
0
0
0
0
0
0
0
0
0
0
0
0
0
0
0
0
0
0
0
0
0
0
0
0
0
0
0
0
0
0
0
0
0
0
0
0
0
0
0
0
0
0
0
0
0
0
0
0
0
0
0
0
0
0
0
0
0
0
0
0
0
0
0
0
0
0
0
0
0
0
0
0
0
0
0
0
0
0
0
0
0
0
0
0
0
0
0
0
0
0
0
0
0
0
0
0
0
0
0
0
0
0
0
0
0
0
0
0
0
0
0
0
0
0
0
0
0
0
0
0
0
0
0
0
0
0
0
0
0
0
0
0
0
0
0
0
0
0
0
0
0
0
0
0
0
0
0
0
0
0
0
0
0
0
0
0
0
0
0
0
0
0
0
0
0
0
0
0
0
0
0
0
0
0
0
0
0
0
0
0
0
0
0
0
0
0
0
0
0
0
0
0
0
0
0
0
0
0
0
0
0
0
0
0
0
0
0
0
0
0
0
0
0
0
0
0
0
0
0
0
0
0
0
0
0
0
0
0
0
0
0
0
0
0
0
0
0
0
0
0
0
0
0
0
0
0
0
0
0
0
0
0
0
0
0
0
0
0
0
0
0
0
0
0
0
0
0
0
0
0
0
0
0
0
0
0
0
0
0
0
0
0
0
0
0
0
0
0
0
0
0
0
0
0
0
0
0
0
0
0
0
0.129322558447
0.134038099969
0.151200724159
0.152227292992
0.15655822392
0.157413036095
0.15969522808
0.159784052651
0.15997626358
0.161932136703
0.162313255232
0.16494102078
0.164948114382
0.166371443569
0.166463676464
0.167372307793
0.168977217318
0.169638601436
0.171828584468
0.172968179941
0.174055967177
0.174128858031
0.174260959545
0.175370646615
0.176052381423
0.17608374097
0.176151805649
0.176842595927
0.179214657325
0.179445753175
0.180582137329
0.180745906425
0.180879776357
0.180957864955
0.182042027617
0.182078208636
0.182393537395
0.182500634083
0.182503844077
0.182577199963
0.182942641513
0.183575121904
0.183906242731
0.185126381923
0.185181100536
0.185797388744
0.186162560585
0.186501640136
0.186754857825
0.186777539975
0.187712909749
0.187912254741
0.188068541229
0.188086321768
0.188366672919
0.189161492956
0.189296315577
0.190742522099
0.191666390464
0.192224428614
0.192375826326
0.192867076598
0.192942425815
0.193388605638
0.193443605729
0.193594799167
0.193596662823
0.193874315383
0.194312992395
0.194857724459
0.194934457925
0.195505468988
0.195610480926
0.195669131604
0.19590696597
0.196591432392
0.196599937802
0.196629841402
0.196749996166
0.196879056763
0.196959581878
0.197117413249
0.197288562534
0.197407582146
0.197683241338
0.197835287826
0.198106301155
0.198450135343
0.198471833575
0.198473932188
0.199485936386
0.199589934813
0.199832977991
0.200285521842
0.200473968159
0.200930023971
0.201076604215
0.201078425995
0.201124394711
0.201361054052
0.201971903905
0.202214191379
0.202223767317
0.202436332168
0.2024974268
0.202505774048
0.20298498596
0.203102574338
0.203580394897
0.203633432643
0.204010955816
0.204029253642
0.204123645763
0.204441973877
0.204612272932
0.204830062345
0.20498709045
0.205421313146
0.205581337305
0.20562094047
0.20563484256
0.205766682928
0.205866611714
0.206221534986
0.206258721984
0.206283359338
0.206700440652
0.206782552421
0.206809151583
0.207097537967
0.207307438576
0.207601067352
0.20782143056
0.207831468286
0.208114254322
0.208270420967
0.208299716498
0.208357536402
0.208390919731
0.208470432751
0.208484705017
0.208946251159
0.208949241947
0.209138378905
0.209208893149
0.209261907907
0.209575324965
0.209761200513
0.209896791471
0.210031526467
0.210175051911
0.21032743799
0.210709412869
0.210970365335
0.211021274424
0.211029705556
0.211058880471
0.211103685673
0.211351479536
0.211585232868
0.212212251841
0.21228000556
0.212460853174
0.212477071321
0.212794761648
0.212882818561
0.21308070503
0.213169754445
0.213212220813
0.213364768274
0.21367668075
0.213709704271
0.213752318679
0.214088539595
0.214098953128
0.214274623987
0.214403379228
0.214480315049
0.214563826149
0.214716455384
0.214829031722
0.214998901685
0.215207099334
0.215323457956
0.215819664992
0.215892900573
0.215927657383
0.215954333123
0.216196325457
0.216399873806
0.216541049005
0.21662058474
0.21706273964
0.217167132768
0.217587669
0.217693165124
0.217885997459
0.217969918093
0.218048421024
0.218377806204
0.218405547869
0.218725154067
0.218917063298
0.219161970056
0.219505065584
0.219807590379
0.220087481999
0.220289858194
0.220476849218
0.221028120662
0.221085227532
0.221380688134
0.22183370443
0.221837082187
0.22194707801
0.222094228404
0.222256401556
0.22250426124
0.222843962079
0.222978005343
0.223108573871
0.223177109134
0.223827348763
0.223843429361
0.224290643419
0.224352394031
0.224439346591
0.224512457395
0.224536980027
0.224549829163
0.224567539999
0.224707489043
0.224958270683
0.225140153626
0.225209666862
0.225516407725
0.225628778225
0.225650035229
0.225805562857
0.225977814324
0.226212745638
0.22677947803
0.226812454456
0.227079228492
0.227089055563
0.22719200289
0.227293033657
0.227461642176
0.22759594223
0.227814507356
0.228139657413
0.228170315997
0.228176331107
0.228594944188
0.228598053197
0.228679485093
0.22884781737
0.22901372239
0.229032284364
0.229106485223
0.229117414585
0.229184524788
0.229589642642
0.229733708438
0.229733818997
0.229786303564
0.229954207048
0.230031850651
0.230074042191
0.230122262505
0.230291911214
0.230459299757
0.230692168173
0.230924576509
0.231212309661
0.231243951947
0.231272689277
0.231367871805
0.231548021212
0.23169289193
0.231696625
0.231799596057
0.231831621845
0.231946635927
0.2319630311
0.231997894645
0.232017539921
0.232018264861
0.232061136269
0.232088152231
0.232388730234
0.232414470104
0.232593635707
0.232915539023
0.233047407393
0.233682319519
0.233712417334
0.233963225224
0.233980878402
0.234112502936
0.234197161175
0.234379072077
0.234526646907
0.234557821009
0.234724303157
0.234889125753
0.234923640672
0.235077745441
0.235147665378
0.235335559309
0.235338666608
0.235572094475
0.235602417946
0.235670489109
0.23571178054
0.235750795324
0.235797712015
0.235798639285
0.235955143552
0.236230710312
0.236232261886
0.236327358249
0.236422999681
0.236509995852
0.236624838282
0.23672182174
0.236860516694
0.236913970813
0.237101754975
0.23724157418
0.237297715965
0.237402626967
0.237449663479
0.237571985291
0.237805456501
0.237854603109
0.237950225371
0.238010822333
0.238046857516
0.238166790201
0.238236030585
0.238285352215
0.238358245422
0.23858657157
0.238816316324
0.238855397464
0.239021324731
0.239200414944
0.239276555901
0.239398807023
0.239599284633
0.239937203773
0.239987987693
0.240353564961
0.240465986988
0.240636105434
0.24086250846
0.241152460673
0.241177193937
0.241230251971
0.241657947597
0.24177420131
0.24201083408
0.242053588349
0.242247111981
0.24235001032
0.242480100425
0.242623455302
0.242718235124
0.242731030312
0.243014167916
0.243075436202
0.243082888762
0.243098663982
0.243178037107
0.243271469867
0.243303458229
0.24332329672
0.243459090949
0.243586084059
0.243854887411
0.244016559576
0.244163678793
0.244292239658
0.244555367885
0.244593967005
0.244805501531
0.244883321562
0.244909842827
0.244951506419
0.245037282149
0.245144401913
0.24516200385
0.245186941505
0.245238646236
0.245257581985
0.245425841746
0.245522842121
0.24589851343
0.246208615132
0.246225235151
0.246431478553
0.246458701672
0.246640439855
0.24671088704
0.246904765712
0.246956680279
0.246984170754
0.247164654288
0.247505765186
0.24752867392
0.247598114602
0.247612783931
0.247731206165
0.247765206618
0.247773682327
0.247779266982
0.248088172544
0.248431282245
0.24850972396
0.248689979049
0.248793529702
0.248830764694
0.248880136906
0.248965241272
0.249093700906
0.24911645878
0.24914375749
0.249155997072
0.249248060412
0.249441764328
0.249544859483
0.249795841648
0.249851584518
0.249911370939
0.249939174681
0.249939238287
0.249982839784
0.250117417348
0.250138464885
0.250155691836
0.250244898697
0.250352542618
0.250499505712
0.250689734114
0.251201591568
0.251299115699
0.251334539793
0.251360906578
0.251463392172
0.251495439765
0.251592178857
0.251732494834
0.251911255583
0.252376314918
0.252425229881
0.25260090257
0.252614766416
0.252780279856
0.253098826802
0.253261787568
0.253292773465
0.253434821411
0.253457861676
0.253599523161
0.253722676996
0.253952186123
0.254000128673
0.25408322709
0.254239714505
0.254400298521
0.254477271507
0.254714014556
0.255017186523
0.255046433456
0.255131807338
0.255333709519
0.255343405197
0.255368126014
0.255654819425
0.255974718145
0.256156088708
0.256273738492
0.256455164711
0.256520618486
0.25685239213
0.256926311884
0.257026942837
0.257048835631
0.257272638561
0.257417737966
0.257478586904
0.257524122941
0.257629746349
0.257653432489
0.257700096377
0.257843843212
0.257895195865
0.257933095985
0.257955137664
0.257983992137
0.25810978522
0.258316809258
0.258363915612
0.258580984429
0.258728456226
0.258738868504
0.2587594618
0.258783683773
0.258867514615
0.258951014478
0.258991280645
0.259087114408
0.259104810039
0.259147975611
0.259222674171
0.259688535587
0.259745840987
0.259826793642
0.25993123055
0.259986194977
0.259996280758
0.260058168633
0.260482048871
0.260735539912
0.260906725327
0.261005918681
0.261184588602
0.261222883263
0.261240955414
0.261274547366
0.261345465761
0.261442297848
0.261540821352
0.261597557609
0.261668653058
0.261741854218
0.261939213883
0.261981361974
0.262072492079
0.262096819222
0.262235606382
0.262242938051
0.26234499453
0.262373926644
0.262493623957
0.262657399903
0.262742315409
0.262863259551
0.263043053813
0.263047311249
0.263256720983
0.263339315039
0.263444383461
0.263586225954
0.263671761087
0.263697122119
0.26387279712
0.263952014833
0.264341317046
0.264426735033
0.264533103266
0.264609403639
0.264637486428
0.264737752788
0.264892628591
0.265098042181
0.265273373846
0.266076222357
0.266121963086
0.266166025573
0.266234231536
0.266323708067
0.266658332275
0.266702353688
0.266760607668
0.266797245772
0.266806422026
0.267037248227
0.26715764162
0.267165165042
0.267168893431
0.267409034158
0.267593199525
0.267948376157
0.268035765588
0.268165986239
0.268282592
0.268502591217
0.268508467207
0.268552769793
0.268561911734
0.268671171481
0.268943267253
0.269053973689
0.269072416715
0.269119969079
0.269180073721
0.269274539695
0.269364443562
0.269458199483
0.269458910405
0.269782648752
0.270092265941
0.270114846296
0.27012486789
0.270213454361
0.270461635472
0.270589312982
0.270790319698
0.270826406296
0.270912789274
0.2709557001
0.270981299289
0.271205253285
0.27123743596
0.271297409298
0.271485933333
0.271536967349
0.271546298499
0.271582135912
0.271641660501
0.271671799955
0.271718166408
0.271781147689
0.271812154831
0.271861540787
0.271871082472
0.271930438589
0.271930769848
0.272114645775
0.272204403694
0.272213829643
0.272384242999
0.272496857378
0.27252418894
0.272659074072
0.272671252796
0.272685247174
0.272769925401
0.27304579649
0.273190912923
0.273370861597
0.273420030993
0.273768247562
0.273810807815
0.273903153525
0.27414913045
0.2741660011
0.274290414146
0.274367900819
0.274701810052
0.275032642348
0.275079932729
0.275217169977
0.275233426002
0.275352752885
0.275649939413
0.275664715777
0.275684877136
0.275916572709
0.27603269204
0.276037093683
0.276151385135
0.276190247969
0.276203207467
0.276236833065
0.276255031127
0.276492024261
0.27692187568
0.277000503076
0.277200522646
0.277357899978
0.277385918501
0.277466074552
0.277484127813
0.277552088748
0.277701505323
0.277707441852
0.277742023868
0.277838585173
0.278112306838
0.278197703664
0.278410679901
0.278741107774
0.278770150937
0.27881314896
0.278870775812
0.2791653521
0.279662333186
0.279853755006
0.279985459558
0.280408002157
0.280550908991
0.28091752089
0.281131659844
0.281163398642
0.281176298392
0.28140549806
0.281446789119
0.281478864585
0.281663766038
0.28192512016
0.281942933155
0.282025582403
0.282265762458
0.282279616855
0.28238344919
0.282483186845
0.28269128169
0.282844752222
0.282849872522
0.283288540465
0.283343570027
0.28335341419
0.283365056642
0.283647303912
0.28368671911
0.283847087753
0.283950264736
0.283992793036
0.284110573754
0.284193567487
0.284316561931
0.284334845192
0.284363267967
0.284462841345
0.284512644496
0.284994173656
0.285013781567
0.285261579642
0.285268571654
0.285682020612
0.285701725056
0.285845516705
0.286286167036
0.286353289587
0.286565844326
0.286614167283
0.286847292678
0.28691258999
0.287368276199
0.287373986063
0.287461296007
0.287490848304
0.287522122064
0.287561952958
0.287951955719
0.288448346997
0.288921413605
0.288930050683
0.289307691417
0.289387228215
0.289562402951
0.289670982593
0.289752723168
0.289779364335
0.290045945438
0.290046901418
0.290082758949
0.290097098884
0.29010765207
0.29011858969
0.290191800661
0.290442886401
0.290453647902
0.290467471213
0.290625220263
0.290791904634
0.291137876836
0.291287398958
0.291290781271
0.291761788638
0.291883794892
0.291900749043
0.292019358166
0.292098199733
0.292397489479
0.292624569009
0.292699623782
0.29325057003
0.293256314897
0.293378628982
0.293707264827
0.293753048359
0.293860133498
0.293927541672
0.294185076187
0.294257880299
0.294335428979
0.294501301335
0.294591103141
0.294730395205
0.295429911075
0.29549159961
0.295521877076
0.295715177826
0.295812938482
0.295872664503
0.296046949989
0.29609037979
0.296145860837
0.296194246204
0.296222013389
0.296366955612
0.296420460742
0.29646947475
0.296488815853
0.296687461592
0.296796780966
0.296864513236
0.297155899784
0.297938583058
0.298016736514
0.29820276964
0.298581821893
0.298604218534
0.298725874202
0.298751608603
0.298925599097
0.298973609207
0.299157658429
0.299918458866
0.299967987586
0.30004081554
0.300100395513
0.30013924321
0.300330746456
0.300404849349
0.300409846795
0.300552177802
0.300558006187
0.300597405948
0.300752384187
0.300764452189
0.301056180324
0.301388626324
0.301560824431
0.301848486733
0.30191867775
0.301935939007
0.302502311917
0.302520460627
0.302813355571
0.302856792032
0.303035175656
0.303237489561
0.303272032226
0.303497185797
0.303590587903
0.303620680014
0.303742982759
0.303847370184
0.303875415191
0.304461128294
0.304585026135
0.304666557793
0.304839545741
0.304892073578
0.304916659626
0.305161588661
0.305405585659
0.305472502981
0.305597998964
0.305652039719
0.305812847127
0.305925013031
0.305942816717
0.306562077279
0.306601036451
0.306830749141
0.306870598805
0.306977716481
0.307244417833
0.307248266025
0.307262175491
0.307294572679
0.307320903157
0.307511618764
0.307697525906
0.307722239229
0.307754868995
0.307762913178
0.308088339443
0.308290338031
0.308471272614
0.308687626591
0.308862324341
0.308869239492
0.30945228723
0.309807727126
0.310208760854
0.311092444582
0.311184339153
0.311243926374
0.311414843285
0.311966338346
0.312129347186
0.312377220877
0.312669215975
0.312913283613
0.313088403825
0.313089334139
0.313321838616
0.314102701886
0.314515625802
0.314793326483
0.314816838113
0.314981059199
0.315249633313
0.315363165817
0.315448577531
0.315516875726
0.315995829391
0.316456157306
0.31656684477
0.316630328306
0.316659509775
0.316989654175
0.31765980592
0.317898679499
0.31833486165
0.318417463668
0.318550409943
0.318663093079
0.318669801079
0.319101551914
0.319290924325
0.31933094182
0.319409814868
0.319922542342
0.320211253878
0.32105440294
0.321194630984
0.321920615174
0.322343357943
0.323038565379
0.323285963648
0.323390932269
0.324043411587
0.324465741402
0.32485222112
0.325365825581
0.325611980268
0.325845347603
0.325878120676
0.326280949731
0.326457324331
0.326526066063
0.326931460317
0.327201488925
0.327322566156
0.327695348986
0.32955959753
0.329736847775
0.330297240272
0.330437533617
0.330518440044
0.330676605904
0.330832478239
0.331228089085
0.331264063221
0.33181662164
0.332144335232
0.332468136101
0.333312328863
0.333332922922
0.333473712243
0.333511259564
0.333770773194
0.333918074541
0.334056436107
0.336008351935
0.336451287611
0.336887151887
0.337948758939
0.338695204838
0.338807933109
0.338903496061
0.339710831624
0.340264879268
0.340573557761
0.341319104401
0.342365095016
0.343721837608
0.345583740772
0.349574788236
0.3495981374
0.350152191171
0.351264899613
0.352421206191
0.352573963101
0.354521547746
0.356289442459
0.357895667352
0.358093081367
0.35897580218
0.359096555372
0.36277282039
0.379196978065
0
0
0
0
0
0
0
0
0
0
0
0
0
0
0
0
0
0
0
0
0
1
0
0
1
0
0
0
1
0
0
0
1
0
0
0
0
0
1
0
0
1
0
0
0
0
0
0
1
1
0
0
0
0
1
0
0
0
0
1
0
0
0
1
0
0
1
0
0
0
0
1
0
0
1
1
1
1
1
0
0
0
0
0
0
0
1
0
0
0
0
0
1
1
1
0
0
0
0
0
1
0
1
0
1
1
1
0
1
0
0
0
0
0
0
0
0
0
0
0
0
0
0
0
0
0
0
0
1
0
0
0
0
0
0
0
0
0
0
0
0
0
0
1
0
1
0
0
0
1
0
0
1
0
0
0
0
1
0
0
1
1
0
0
1
0
1
1
0
0
1
0
0
1
1
0
0
0
1
0
1
1
1
0
0
0
1
0
1
0
0
1
1
1
1
0
0
1
1
1
0
0
1
1
0
0
1
0
0
0
0
1
0
0
1
0
0
0
0
0
1
0
0
0
0
0
0
1
1
1
0
1
0
1
0
0
0
0
0
0
1
0
0
1
0
0
1
0
1
0
1
1
1
0
0
0
0
0
0
1
1
0
1
0
0
0
0
0
0
1
0
1
0
0
0
0
1
0
0
0
0
0
1
0
0
0
0
0
0
0
0
0
0
0
0
0
1
1
1
0
0
0
0
0
0
0
0
0
1
0
0
1
0
0
0
1
0
0
0
0
0
0
0
0
1
1
0
0
0
0
0
0
0
0
1
0
1
0
0
1
0
1
1
1
0
0
0
1
1
0
0
0
0
0
0
0
1
0
1
0
1
0
1
0
0
0
0
0
0
1
1
1
0
1
0
0
0
1
0
1
1
0
1
0
0
0
1
1
1
0
0
1
1
1
0
0
1
0
0
0
1
1
0
0
0
0
0
0
1
1
1
0
0
0
0
0
1
0
1
0
1
1
1
0
0
1
1
1
1
1
0
1
0
0
1
1
0
0
1
0
1
1
0
0
0
0
0
1
0
0
0
0
0
1
0
0
0
0
1
0
0
0
1
0
0
0
0
0
1
0
0
1
0
0
0
1
0
0
0
1
0
0
0
0
1
0
0
0
0
0
0
1
0
0
0
0
0
0
1
1
0
0
0
0
0
0
0
0
0
1
0
0
0
0
0
1
0
0
0
0
0
1
0
0
0
1
0
0
0
0
1
1
0
0
0
0
0
0
0
0
1
0
0
0
0
0
0
1
1
1
0
0
0
0
1
1
0
1
1
0
0
0
0
1
0
0
0
0
0
0
0
0
0
1
0
0
0
0
0
0
0
1
0
0
0
1
0
1
0
1
1
1
0
0
0
0
1
1
0
1
1
1
0
0
1
0
0
1
0
0
0
1
0
0
0
0
0
1
0
1
0
0
0
0
0
0
0
1
0
1
0
0
0
0
0
1
0
0
0
1
0
0
0
1
0
0
0
0
0
0
0
1
0
1
0
0
1
1
0
0
0
1
1
1
0
0
0
1
1
1
0
1
1
1
0
0
1
1
0
1
0
1
1
0
0
0
0
1
0
0
0
0
0
0
1
0
1
0
1
0
1
0
0
0
1
1
0
0
0
0
0
1
0
0
0
0
1
0
0
0
0
1
0
0
0
0
0
0
1
1
0
1
1
0
0
0
1
0
0
1
0
0
0
1
1
0
0
1
0
1
0
0
1
0
1
0
0
0
0
1
0
0
0
0
1
1
0
0
1
1
1
0
0
0
0
0
0
0
0
1
0
1
0
0
0
0
1
1
0
0
0
0
0
1
0
0
0
1
1
0
1
1
0
1
1
1
1
0
1
1
1
1
0
1
1
0
0
0
0
0
1
0
1
0
1
1
0
0
1
0
1
0
1
0
0
0
0
0
0
0
0
0
0
0
1
0
1
1
1
0
0
1
0
0
0
0
1
0
0
0
1
0
0
1
0
0
0
1
1
1
0
1
1
0
1
0
0
1
0
0
1
1
0
1
0
0
1
1
0
0
0
0
0
0
1
1
0
1
0
0
0
0
0
1
0
1
1
0
0
0
0
1
0
0
1
1
1
1
1
0
1
0
1
1
0
0
0
0
0
0
0
1
0
0
1
0
1
1
0
0
0
0
1
0
0
0
1
1
1
0
1
0
0
0
1
1
1
1
0
0
1
1
0
0
0
1
0
1
0
0
1
1
0
0
1
0
0
1
0
0
0
1
0
0
1
0
1
1
0
0
1
1
0
0
1
0
1
0
1
1
