sameple id : 0
t1 = [0, 8.067776203155518, 12.141950845718384, 16.046271085739136, 20.004547119140625, 24.106793880462646, 28.14177179336548, 32.06875538825989, 36.0080668926239, 40.08606576919556, 44.133949279785156, 48.10444474220276, 52.15465307235718, 56.13737964630127, 60.03557348251343, 64.00385856628418, 68.08928942680359, 72.03290867805481, 76.14490461349487, 80.14092564582825, 84.26135587692261, 88.30179834365845, 92.02610039710999, 96.35732984542847, 100.2010772228241, 104.37204456329346, 108.36111974716187, 112.35042381286621, 116.38656377792358, 120.35676145553589] 
q1 = [0.6806596701649175, 0.6897590361445783, 0.6919575113808802, 0.6940639269406392, 0.6971080669710805, 0.7003058103975536, 0.711864406779661, 0.7207488299531981, 0.7241379310344828, 0.7318611987381703, 0.7373417721518987, 0.7476038338658146, 0.7524115755627009, 0.7622149837133552, 0.7614379084967321, 0.7704918032786886, 0.7816091954022989, 0.7893864013266998, 0.8006700167504187, 0.802013422818792, 0.8033613445378152, 0.8074324324324325, 0.8087986463620982, 0.8101694915254237, 0.8087986463620982, 0.8121827411167513, 0.8135593220338982, 0.8135593220338982, 0.8135593220338982, 0.8163265306122449] 
t2 = [0, 8.400179147720337, 12.052285432815552, 16.17735767364502, 20.230462789535522, 24.068993091583252, 28.21769690513611, 32.07961416244507, 36.06135058403015, 40.09518361091614, 44.03169274330139, 48.41602969169617, 52.32754564285278, 56.31510925292969, 60.36650466918945, 64.34209060668945, 68.12422466278076, 72.38354325294495, 76.12721920013428, 80.08451414108276, 84.08534336090088, 88.10104656219482, 92.05203175544739, 96.1738076210022, 100.20676469802856, 104.15472388267517, 108.10178875923157, 112.2528235912323, 116.25066018104553] 
q2 = [0.6806596701649175, 0.6805970149253732, 0.6826347305389221, 0.6857142857142856, 0.6887218045112782, 0.6918429003021148, 0.6918429003021148, 0.6939393939393939, 0.6949924127465857, 0.6971080669710805, 0.698170731707317, 0.7003058103975536, 0.7003058103975536, 0.7013782542113323, 0.7024539877300613, 0.7046153846153846, 0.7057010785824345, 0.7066052227342551, 0.7076923076923078, 0.7098765432098766, 0.7109737248840804, 0.7140649149922721, 0.7140649149922721, 0.7151702786377709, 0.7207488299531981, 0.7218749999999999, 0.7264150943396226, 0.7287066246056781, 0.7330173775671407] 
t3 = [0, 8.008867263793945, 12.040751934051514, 16.02501106262207, 20.02111291885376, 24.230931520462036, 28.185935020446777, 32.08546590805054, 36.22507071495056, 40.23623299598694, 44.1090133190155, 48.163663387298584, 52.40778875350952, 56.00453448295593, 60.05166554450989, 64.2478973865509, 68.1210515499115, 72.01565551757812, 76.07892560958862, 80.14417433738708, 84.00594186782837, 88.27412509918213, 92.1075131893158, 96.25064420700073, 100.37821960449219, 104.30716633796692, 108.21538233757019, 112.08310437202454, 116.13488698005676, 120.02673768997192] 
q3 = [0.6806596701649175, 0.7131537242472267, 0.7368421052631579, 0.7832167832167831, 0.8379310344827586, 0.8376068376068375, 0.8376068376068375, 0.8376068376068375, 0.8376068376068375, 0.8376068376068375, 0.831081081081081, 0.831081081081081, 0.831081081081081, 0.831081081081081, 0.831081081081081, 0.831081081081081, 0.831081081081081, 0.831081081081081, 0.831081081081081, 0.831081081081081, 0.831081081081081, 0.831081081081081, 0.831081081081081, 0.831081081081081, 0.831081081081081, 0.831081081081081, 0.831081081081081, 0.831081081081081, 0.831081081081081, 0.831081081081081] 
sameple id : 1
t1 = [0, 8.013627290725708, 12.00306510925293, 16.0934739112854, 20.07859182357788, 24.087821006774902, 28.056597232818604, 32.07610058784485, 36.04255819320679, 40.02617621421814, 44.143152713775635, 48.125850200653076, 52.10594606399536, 56.08757758140564, 60.07933855056763, 64.06960892677307, 68.03575563430786, 72.02908611297607, 76.24274134635925, 80.35552525520325, 84.05270051956177, 88.20534157752991, 92.3415994644165, 96.03643560409546, 100.14537143707275, 104.25456070899963, 108.00912880897522, 112.13823199272156, 116.26570630073547, 120.39546632766724] 
q1 = [0.6916167664670659, 0.6995515695067264, 0.7106446776611695, 0.7201210287443267, 0.7267175572519083, 0.7320061255742727, 0.7395993836671801, 0.7449768160741886, 0.7480438184663537, 0.7578616352201257, 0.7606973058637084, 0.7623604465709728, 0.7692307692307692, 0.7779578606158835, 0.7817589576547231, 0.7895595432300163, 0.8019801980198019, 0.8052805280528053, 0.8013245033112582, 0.8013245033112582, 0.8039867109634552, 0.805324459234609, 0.8066666666666668, 0.8066666666666668, 0.8066666666666668, 0.8080133555926544, 0.8080133555926544, 0.81, 0.8113522537562604, 0.8127090301003345] 
t2 = [0, 8.27523159980774, 12.09767460823059, 16.11644983291626, 20.331470251083374, 24.110150575637817, 28.120959997177124, 32.342567682266235, 36.11513042449951, 40.11493277549744, 44.34394431114197, 48.14220595359802, 52.19028401374817, 56.410510540008545, 60.0102961063385, 64.25474405288696, 68.05509042739868, 72.05037999153137, 76.28759050369263, 80.08215284347534, 84.23089289665222, 88.02126884460449, 92.0593593120575, 96.30345010757446, 100.1022846698761, 104.1288673877716, 108.37832617759705, 112.02753734588623, 116.26590847969055] 
q2 = [0.6916167664670659, 0.6905829596412555, 0.6926536731634182, 0.6968325791855204, 0.6987951807228915, 0.702865761689291, 0.7048192771084337, 0.7087087087087087, 0.7117117117117118, 0.7138554216867469, 0.7170953101361573, 0.7192716236722307, 0.7223065250379361, 0.7245053272450533, 0.7289433384379785, 0.7320061255742727, 0.7361963190184049, 0.7384615384615384, 0.7407407407407408, 0.744186046511628, 0.7461300309597523, 0.7515527950310559, 0.7503875968992247, 0.7538940809968847, 0.7570093457943925, 0.7586206896551725, 0.761006289308176, 0.7629513343799058, 0.7641509433962266] 
t3 = [0, 8.03782057762146, 12.016314506530762, 16.018266677856445, 20.015604496002197, 24.219680547714233, 28.28512167930603, 32.165082931518555, 36.38828206062317, 40.2298264503479, 44.056018352508545, 48.24913740158081, 52.06340670585632, 56.27682423591614, 60.085699796676636, 64.35530281066895, 68.14003872871399, 72.0172986984253, 76.02139472961426, 80.16988897323608, 84.39555978775024, 88.15689396858215, 92.36664962768555, 96.33300876617432, 100.0777337551117, 104.2093117237091, 108.32513117790222, 112.0287537574768, 116.16566276550293, 120.32960605621338] 
q3 = [0.6916167664670659, 0.7301587301587302, 0.757825370675453, 0.7937608318890813, 0.8551724137931034, 0.8571428571428572, 0.8571428571428572, 0.8571428571428572, 0.8571428571428572, 0.8571428571428572, 0.8571428571428572, 0.8571428571428572, 0.8571428571428572, 0.8571428571428572, 0.8571428571428572, 0.8571428571428572, 0.8571428571428572, 0.8571428571428572, 0.8519134775374376, 0.8571428571428572, 0.8519134775374376, 0.8519134775374376, 0.8519134775374376, 0.8519134775374376, 0.8519134775374376, 0.8519134775374376, 0.8519134775374376, 0.8519134775374376, 0.8519134775374376, 0.8519134775374376] 
sameple id : 2
t1 = [0, 8.038041114807129, 12.015785217285156, 16.14219331741333, 20.117078065872192, 24.092891693115234, 28.071463346481323, 32.04299974441528, 36.159945011138916, 40.02144765853882, 44.016613483428955, 48.125981092453, 52.07550287246704, 56.062960624694824, 60.05453562736511, 64.05455279350281, 68.01855039596558, 72.02156352996826, 76.21949195861816, 80.34317255020142, 84.05131936073303, 88.23554992675781, 92.3409686088562, 96.05136322975159, 100.1798415184021, 104.31016874313354, 108.02383923530579, 112.1791250705719, 116.38172030448914, 120.11466956138611] 
q1 = [0.6428571428571429, 0.652037617554859, 0.660347551342812, 0.6677316293929713, 0.6698717948717949, 0.679549114331723, 0.6829268292682926, 0.6873977086743044, 0.6976744186046511, 0.7023411371237457, 0.7078464106844741, 0.7169179229480738, 0.7260504201680673, 0.7363013698630136, 0.7384615384615384, 0.7478559176672385, 0.7577854671280277, 0.7705779334500875, 0.7754385964912281, 0.7754385964912281, 0.778169014084507, 0.7795414462081129, 0.7795414462081129, 0.7809187279151943, 0.7858407079646018, 0.7858407079646018, 0.7907801418439717, 0.7907801418439717, 0.7907801418439717, 0.7921847246891651] 
t2 = [0, 8.304925918579102, 12.117650032043457, 16.210076093673706, 20.044010400772095, 24.058407068252563, 28.27778697013855, 32.075440406799316, 36.11596608161926, 40.3178915977478, 44.08247375488281, 48.156896352767944, 52.354254961013794, 56.14920449256897, 60.17499279975891, 64.37425804138184, 68.02178311347961, 72.21542429924011, 76.40373134613037, 80.0326771736145, 84.19541645050049, 88.06060981750488, 92.0865638256073, 96.26143646240234, 100.09615755081177, 104.13584423065186, 108.3396987915039, 112.12498903274536, 116.10526537895203] 
q2 = [0.6428571428571429, 0.6469673405909798, 0.64797507788162, 0.6510172143974962, 0.652037617554859, 0.6530612244897959, 0.6571879936808848, 0.6613924050632912, 0.6634920634920636, 0.6666666666666666, 0.6698564593301437, 0.672, 0.6752411575562701, 0.6763285024154589, 0.6816720257234726, 0.682769726247987, 0.682769726247987, 0.686084142394822, 0.6893203883495147, 0.6904376012965964, 0.693679092382496, 0.7003257328990229, 0.7026143790849675, 0.7058823529411765, 0.7105263157894737, 0.7116968698517299, 0.712871287128713, 0.7152317880794703, 0.7206611570247934] 
t3 = [0, 8.00885820388794, 12.00341534614563, 16.02377438545227, 20.037208318710327, 24.24541163444519, 28.359774112701416, 32.07433462142944, 36.2130811214447, 40.345231771469116, 44.0937237739563, 48.255451917648315, 52.38751292228699, 56.09551239013672, 60.26256012916565, 64.10327291488647, 68.05196571350098, 72.0487368106842, 76.04484915733337, 80.02476716041565, 84.13795948028564, 88.2742440700531, 92.40399146080017, 96.08956933021545, 100.25746512413025, 104.04768323898315, 108.15433931350708, 112.33136296272278, 116.0463387966156, 120.10118103027344] 
q3 = [0.6428571428571429, 0.6901172529313234, 0.7228070175438597, 0.7862595419847328, 0.829443447037702, 0.8315412186379928, 0.8315412186379928, 0.8315412186379928, 0.8315412186379928, 0.8315412186379928, 0.8315412186379928, 0.8315412186379928, 0.8315412186379928, 0.8315412186379928, 0.8315412186379928, 0.8315412186379928, 0.8315412186379928, 0.8315412186379928, 0.8315412186379928, 0.8315412186379928, 0.8315412186379928, 0.8315412186379928, 0.8315412186379928, 0.8315412186379928, 0.8315412186379928, 0.8315412186379928, 0.8315412186379928, 0.8315412186379928, 0.8315412186379928, 0.8315412186379928] 
sameple id : 3
t1 = [0, 8.142606019973755, 12.113885641098022, 16.09366011619568, 20.091605186462402, 24.060124397277832, 28.052345991134644, 32.01875972747803, 36.00090837478638, 40.114513874053955, 44.11731815338135, 48.09477257728577, 52.1160523891449, 56.0692412853241, 60.09016728401184, 64.08237743377686, 68.17294096946716, 72.00441718101501, 76.33965158462524, 80.2386200428009, 84.1286952495575, 88.0038800239563, 92.37582898139954, 96.09307336807251, 100.2230544090271, 104.35388779640198, 108.03671336174011, 112.1960961818695, 116.32542681694031, 120.05784630775452] 
q1 = [0.6725925925925925, 0.6855439642324888, 0.6947368421052632, 0.702127659574468, 0.7145038167938931, 0.7169230769230769, 0.7255813953488371, 0.7327044025157232, 0.7365079365079366, 0.7460317460317459, 0.7515923566878981, 0.7543581616481775, 0.7620578778135049, 0.7699836867862969, 0.779050736497545, 0.7848932676518885, 0.7980132450331127, 0.8033333333333333, 0.8046744574290485, 0.8080133555926544, 0.8073701842546065, 0.8087248322147651, 0.8107202680067002, 0.8100840336134454, 0.8100840336134454, 0.8114478114478115, 0.8114478114478115, 0.8114478114478115, 0.812816188870152, 0.8141891891891894] 
t2 = [0, 8.327441453933716, 12.024110078811646, 16.189602375030518, 20.066548109054565, 24.133538246154785, 28.34158754348755, 32.11393761634827, 36.157976388931274, 40.409855365753174, 44.01864290237427, 48.253621339797974, 52.07845497131348, 56.09756541252136, 60.29749917984009, 64.09745907783508, 68.12832427024841, 72.36625862121582, 76.03872728347778, 80.23105525970459, 84.06497049331665, 88.08622097969055, 92.35044050216675, 96.00193214416504, 100.18230533599854, 104.40486001968384, 108.07216811180115, 112.33179712295532, 116.10819339752197] 
q2 = [0.6725925925925925, 0.6765578635014837, 0.6785714285714286, 0.6816143497757848, 0.6865671641791045, 0.6865671641791045, 0.6886227544910181, 0.6916167664670659, 0.6926536731634183, 0.6947368421052632, 0.6989409984871408, 0.6999999999999998, 0.701062215477997, 0.702127659574468, 0.7031963470319634, 0.7064220183486237, 0.7094801223241591, 0.7125382262996942, 0.7166921898928025, 0.7166921898928025, 0.7188940092165899, 0.7222222222222222, 0.7253086419753085, 0.7264296754250387, 0.7309486780715396, 0.7332293291731669, 0.7355242566510173, 0.738993710691824, 0.7413249211356466] 
t3 = [0, 8.018229961395264, 12.01777696609497, 16.01424813270569, 20.023786783218384, 24.21687960624695, 28.343581676483154, 32.06145215034485, 36.1981885433197, 40.301024198532104, 44.00005888938904, 48.1134569644928, 52.278398752212524, 56.01279592514038, 60.22006392478943, 64.03446197509766, 68.13740706443787, 72.11824679374695, 76.02342653274536, 80.06075048446655, 84.21406936645508, 88.33440947532654, 92.07382345199585, 96.1855993270874, 100.33239793777466, 104.09424757957458, 108.33821940422058, 112.06466388702393, 116.20428466796875, 120.0161304473877] 
q3 = [0.6725925925925925, 0.7120253164556962, 0.7296416938110748, 0.7873462214411248, 0.8455008488964347, 0.8440677966101695, 0.8440677966101695, 0.8440677966101695, 0.8440677966101695, 0.8440677966101695, 0.8440677966101695, 0.8403361344537815, 0.8403361344537815, 0.8403361344537815, 0.8403361344537815, 0.8403361344537815, 0.8403361344537815, 0.8403361344537815, 0.8403361344537815, 0.8403361344537815, 0.8403361344537815, 0.8403361344537815, 0.8403361344537815, 0.8403361344537815, 0.8403361344537815, 0.8403361344537815, 0.8403361344537815, 0.8403361344537815, 0.8403361344537815, 0.8403361344537815] 
sameple id : 4
t1 = [0, 8.023889541625977, 12.137887477874756, 16.10879874229431, 20.064180612564087, 24.035686016082764, 28.0097234249115, 32.13336896896362, 36.0989351272583, 40.081687688827515, 44.0822114944458, 48.02670764923096, 52.10565495491028, 56.08204412460327, 60.06362724304199, 64.03773236274719, 68.13494110107422, 72.10203003883362, 76.40396571159363, 80.07111740112305, 84.32213735580444, 88.04127645492554, 92.20478177070618, 96.34661674499512, 100.06124091148376, 104.18624448776245, 108.3957405090332, 112.11977767944336, 116.24852156639099, 120.0750458240509] 
q1 = [0.6826347305389222, 0.6909090909090908, 0.6971080669710806, 0.7015384615384614, 0.7142857142857142, 0.721875, 0.7264150943396227, 0.7333333333333334, 0.7415730337078652, 0.7512195121951221, 0.7516339869281045, 0.7545304777594728, 0.7641196013289036, 0.7718120805369127, 0.776470588235294, 0.7872696817420436, 0.802698145025295, 0.802698145025295, 0.8006756756756758, 0.8020304568527918, 0.8020304568527918, 0.8020304568527918, 0.8020304568527918, 0.8047538200339559, 0.8081494057724957, 0.8109028960817717, 0.8143100511073252, 0.8143100511073252, 0.8163265306122448, 0.8163265306122448] 
t2 = [0, 8.317421436309814, 12.136916399002075, 16.157487392425537, 20.36809229850769, 24.01540517807007, 28.164936304092407, 32.362489223480225, 36.01888155937195, 40.20815658569336, 44.376964807510376, 48.03535985946655, 52.181888818740845, 56.079774618148804, 60.13233995437622, 64.34673929214478, 68.11303305625916, 72.15609121322632, 76.39804124832153, 80.0110411643982, 84.22752690315247, 88.0056893825531, 92.04205417633057, 96.23248338699341, 100.38981580734253, 104.03142070770264, 108.1972484588623, 112.3996319770813, 116.01008319854736] 
q2 = [0.6826347305389222, 0.6866566716641679, 0.6887218045112782, 0.6927710843373494, 0.6959152798789712, 0.6948640483383686, 0.6959152798789712, 0.696048632218845, 0.700152207001522, 0.7042682926829268, 0.7053435114503817, 0.7085889570552146, 0.7085889570552146, 0.7129629629629629, 0.7160493827160493, 0.718266253869969, 0.7216174183514775, 0.7258566978193147, 0.7301092043681747, 0.7332293291731669, 0.7363494539781591, 0.740625, 0.7417840375586854, 0.7452830188679246, 0.7484276729559748, 0.7500000000000001, 0.7535771065182829, 0.757188498402556, 0.759170653907496] 
t3 = [0, 8.011979341506958, 12.03630542755127, 16.002920627593994, 20.322676420211792, 24.04249906539917, 28.159704208374023, 32.358640909194946, 36.09299683570862, 40.197848320007324, 44.32991099357605, 48.04266405105591, 52.19841694831848, 56.366053342819214, 60.16289043426514, 64.0653748512268, 68.08491039276123, 72.11186814308167, 76.1242024898529, 80.215993642807, 84.35897707939148, 88.07907605171204, 92.25238537788391, 96.01040196418762, 100.15607500076294, 104.25696778297424, 108.39749193191528, 112.09608054161072, 116.2235906124115, 120.01530528068542] 
q3 = [0.6826347305389222, 0.7199999999999999, 0.7396351575456053, 0.8115942028985507, 0.8566552901023889, 0.8566552901023889, 0.8566552901023889, 0.8566552901023889, 0.8566552901023889, 0.8566552901023889, 0.8566552901023889, 0.8566552901023889, 0.8566552901023889, 0.8566552901023889, 0.8566552901023889, 0.8508474576271187, 0.8508474576271187, 0.8508474576271187, 0.8508474576271187, 0.8508474576271187, 0.8508474576271187, 0.8508474576271187, 0.8508474576271187, 0.8508474576271187, 0.8508474576271187, 0.8508474576271187, 0.8508474576271187, 0.8508474576271187, 0.8508474576271187, 0.8508474576271187] 
sameple id : 5
t1 = [0, 8.144175052642822, 12.108732223510742, 16.10162615776062, 20.083560466766357, 24.0627658367157, 28.058922290802002, 32.048245429992676, 36.00157284736633, 40.03929901123047, 44.0276575088501, 48.01052498817444, 52.110203981399536, 56.103586196899414, 60.07749676704407, 64.04542303085327, 68.01306056976318, 72.02130722999573, 76.23701310157776, 80.34706139564514, 84.08482718467712, 88.21353912353516, 92.37561392784119, 96.12804293632507, 100.28775882720947, 104.02919554710388, 108.1485424041748, 112.27026414871216, 116.39783883094788, 120.10329699516296] 
q1 = [0.6898638426626322, 0.7001522070015221, 0.7107692307692307, 0.7153965785381027, 0.7165109034267914, 0.7210031347962383, 0.7275590551181101, 0.7313195548489666, 0.7356687898089173, 0.7435897435897436, 0.7403846153846155, 0.7423014586709886, 0.7483660130718954, 0.7562189054726367, 0.7582781456953642, 0.7679465776293823, 0.7738693467336684, 0.7811447811447811, 0.7845117845117845, 0.7871621621621623, 0.7884940778341794, 0.7898305084745763, 0.7898305084745763, 0.7911714770797963, 0.7911714770797963, 0.7898305084745763, 0.7911714770797963, 0.7911714770797963, 0.7945670628183361, 0.7979626485568762] 
t2 = [0, 8.291611909866333, 12.099473476409912, 16.191905736923218, 20.394782304763794, 24.018245220184326, 28.190105438232422, 32.405789613723755, 36.03349256515503, 40.18059062957764, 44.39156198501587, 48.04780149459839, 52.22720146179199, 56.051209926605225, 60.111353635787964, 64.31177139282227, 68.06459546089172, 72.06943559646606, 76.28866291046143, 80.08784914016724, 84.11389875411987, 88.29398202896118, 92.10176634788513, 96.10043334960938, 100.2760021686554, 104.06478381156921, 108.05994129180908, 112.28642344474792, 116.05416345596313] 
q2 = [0.6898638426626322, 0.6928895612708018, 0.6949924127465857, 0.7001522070015221, 0.7022900763358778, 0.7042682926829268, 0.705521472392638, 0.7075038284839205, 0.7116564417177914, 0.7138461538461538, 0.7160493827160493, 0.7204968944099379, 0.7216174183514773, 0.7238689547581902, 0.7249999999999999, 0.7269890795631826, 0.7269890795631826, 0.7292644757433491, 0.7315541601255887, 0.7361769352290679, 0.7341772151898733, 0.7385103011093503, 0.7408585055643879, 0.7440381558028617, 0.7464114832535885, 0.748407643312102, 0.7539936102236422, 0.7576243980738363, 0.7612903225806452] 
t3 = [0, 8.03656530380249, 12.034256935119629, 16.00495147705078, 20.238345861434937, 24.35046672821045, 28.05869197845459, 32.18468618392944, 36.37841534614563, 40.115785121917725, 44.24433994293213, 48.37064480781555, 52.15991830825806, 56.30962157249451, 60.06970262527466, 64.06872892379761, 68.03697466850281, 72.05671167373657, 76.16919183731079, 80.26204991340637, 84.37987017631531, 88.07358932495117, 92.197922706604, 96.3267970085144, 100.04850101470947, 104.21000456809998, 108.3241798877716, 112.03306674957275, 116.14507579803467, 120.11445784568787] 
q3 = [0.6898638426626322, 0.7358184764991895, 0.7700170357751277, 0.8417132216014899, 0.8646748681898067, 0.8646748681898067, 0.8646748681898067, 0.8646748681898067, 0.8646748681898067, 0.8526863084922012, 0.8526863084922012, 0.8526863084922012, 0.8526863084922012, 0.8526863084922012, 0.8526863084922012, 0.8526863084922012, 0.8526863084922012, 0.8526863084922012, 0.8526863084922012, 0.8526863084922012, 0.8526863084922012, 0.8526863084922012, 0.8526863084922012, 0.8526863084922012, 0.8526863084922012, 0.8526863084922012, 0.8526863084922012, 0.8526863084922012, 0.8526863084922012, 0.8526863084922012] 
sameple id : 6
t1 = [0, 8.046815156936646, 12.022747278213501, 16.11304473876953, 20.115327835083008, 24.082247734069824, 28.075225353240967, 32.05038666725159, 36.04148578643799, 40.08158016204834, 44.06632447242737, 48.079267263412476, 52.05230951309204, 56.07713556289673, 60.124427318573, 64.11271810531616, 68.12956643104553, 72.1341073513031, 76.2459568977356, 80.38300085067749, 84.11093425750732, 88.25136923789978, 92.37542843818665, 96.06876540184021, 100.17870473861694, 104.33950161933899, 108.04266095161438, 112.20412993431091, 116.33334589004517, 120.09028720855713] 
q1 = [0.6604651162790697, 0.66875, 0.667716535433071, 0.6773162939297124, 0.6827697262479873, 0.6860841423948218, 0.6926829268292682, 0.6962233169129721, 0.6986754966887417, 0.7090301003344481, 0.7037037037037036, 0.7118644067796611, 0.725085910652921, 0.7301038062283738, 0.7317073170731706, 0.7416520210896309, 0.7469026548672566, 0.7571428571428572, 0.7642857142857142, 0.7656529516994632, 0.7670250896057349, 0.7670250896057349, 0.7670250896057349, 0.7684021543985637, 0.7697841726618705, 0.776173285198556, 0.776173285198556, 0.7775768535262206, 0.7775768535262206, 0.7797833935018051] 
t2 = [0, 8.28275465965271, 12.104957580566406, 16.15132761001587, 20.359176874160767, 24.013885498046875, 28.17463517189026, 32.36763072013855, 36.0377414226532, 40.25945806503296, 44.06881093978882, 48.12770390510559, 52.34878897666931, 56.11801099777222, 60.119507789611816, 64.38049268722534, 68.01456260681152, 72.1946005821228, 76.00639247894287, 80.05183839797974, 84.27319073677063, 88.05314874649048, 92.09355092048645, 96.37521386146545, 100.02163004875183, 104.21326541900635, 108.01649951934814, 112.04795503616333, 116.3543450832367] 
q2 = [0.6604651162790697, 0.6604361370716512, 0.6635514018691588, 0.6677067082683307, 0.6677067082683307, 0.6697965571205008, 0.6739811912225706, 0.6729559748427674, 0.6761453396524486, 0.6772151898734177, 0.6782884310618067, 0.6815286624203821, 0.682615629984051, 0.6880000000000001, 0.6880000000000001, 0.6913183279742765, 0.696774193548387, 0.7, 0.7022653721682848, 0.7045454545454546, 0.7121951219512196, 0.7156862745098039, 0.7156862745098039, 0.722495894909688, 0.722495894909688, 0.7248764415156507, 0.7260726072607261, 0.7272727272727272, 0.7296849087893864] 
t3 = [0, 8.012524127960205, 12.038210153579712, 16.002542972564697, 20.09783434867859, 24.303558588027954, 28.097971200942993, 32.24191188812256, 36.32478427886963, 40.02390170097351, 44.18417477607727, 48.2959201335907, 52.01006245613098, 56.18673300743103, 60.3638219833374, 64.12168192863464, 68.1012532711029, 72.07728028297424, 76.03612685203552, 80.19242238998413, 84.36921048164368, 88.12048530578613, 92.27111315727234, 96.401282787323, 100.1243007183075, 104.24601745605469, 108.0105094909668, 112.1768639087677, 116.31598615646362, 120.03389382362366] 
q3 = [0.6604651162790697, 0.7150084317032042, 0.7504424778761063, 0.8265107212475634, 0.8360957642725598, 0.8360957642725598, 0.8360957642725598, 0.8360957642725598, 0.8360957642725598, 0.8360957642725598, 0.8360957642725598, 0.8360957642725598, 0.8360957642725598, 0.8360957642725598, 0.8360957642725598, 0.8360957642725598, 0.8360957642725598, 0.8360957642725598, 0.8360957642725598, 0.8360957642725598, 0.8360957642725598, 0.8360957642725598, 0.8360957642725598, 0.8360957642725598, 0.8360957642725598, 0.8360957642725598, 0.8360957642725598, 0.8360957642725598, 0.8360957642725598, 0.8360957642725598] 
sameple id : 7
t1 = [0, 8.070755004882812, 12.067962169647217, 16.00641393661499, 20.12608003616333, 24.099907398223877, 28.120858430862427, 32.13017129898071, 36.11336088180542, 40.09750008583069, 44.073310136795044, 48.071839570999146, 52.167059659957886, 56.0211443901062, 60.019482135772705, 64.15311551094055, 68.05686259269714, 72.07370352745056, 76.01554894447327, 80.06980538368225, 84.07317733764648, 88.0821762084961, 92.41886615753174, 96.20299553871155, 100.30470752716064, 104.38532519340515, 108.36361575126648, 112.4721531867981, 116.54709911346436, 120.41980314254761] 
q1 = [0.6861538461538461, 0.6957878315132605, 0.7053291536050157, 0.7120253164556962, 0.7165605095541401, 0.7208931419457736, 0.7252396166134185, 0.7363344051446945, 0.7450980392156863, 0.7528641571194762, 0.7561374795417349, 0.7636363636363638, 0.7746243739565944, 0.7837837837837837, 0.7851099830795263, 0.7959183673469388, 0.801358234295416, 0.8082191780821918, 0.8123924268502583, 0.8131487889273358, 0.8110918544194109, 0.8139130434782608, 0.8153310104529617, 0.8153310104529617, 0.8153310104529617, 0.8173913043478259, 0.8173913043478259, 0.818815331010453, 0.8202443280977312, 0.8216783216783217] 
t2 = [0, 8.512555122375488, 12.007387161254883, 16.173059940338135, 20.042497873306274, 24.07063579559326, 28.375093936920166, 32.28440809249878, 36.02013874053955, 40.33361506462097, 44.367761850357056, 48.024001598358154, 52.08407282829285, 56.02231001853943, 60.06750154495239, 64.37848567962646, 68.27198934555054, 72.10953187942505, 76.59960460662842, 80.05425381660461, 84.03209400177002, 88.09264302253723, 92.40747833251953, 96.25088000297546, 100.09999966621399, 104.0046615600586, 108.24280047416687, 112.1564073562622, 116.01693797111511] 
q2 = [0.6861538461538461, 0.691358024691358, 0.695517774343122, 0.6987577639751553, 0.7009345794392525, 0.7040498442367601, 0.70625, 0.7042253521126761, 0.7053291536050157, 0.7095761381475668, 0.7118110236220473, 0.7140600315955765, 0.7163232963549921, 0.7174603174603175, 0.7197452229299364, 0.7220447284345047, 0.7243589743589743, 0.7275641025641026, 0.7287319422150882, 0.7319422150882825, 0.7319422150882825, 0.7360000000000001, 0.7392, 0.741573033707865, 0.741573033707865, 0.7451612903225806, 0.7451612903225806, 0.7495961227786754, 0.7548387096774193] 
t3 = [0, 8.012762546539307, 12.032363653182983, 16.032350063323975, 20.007694959640503, 24.380171537399292, 28.392974138259888, 32.36463665962219, 36.01377558708191, 40.01458430290222, 44.00871562957764, 48.447776079177856, 52.08108043670654, 56.04638075828552, 60.03916358947754, 64.06516647338867, 68.04181432723999, 72.08266496658325, 76.21963310241699, 80.08810210227966, 84.44148397445679, 88.3530011177063, 92.7285897731781, 96.66485738754272, 100.11777782440186, 104.1385350227356, 108.1808214187622, 112.12562298774719, 116.18819832801819, 120.16835141181946] 
q3 = [0.6861538461538461, 0.7243066884176181, 0.7555555555555555, 0.8080438756855576, 0.8536585365853658, 0.8497409326424871, 0.8497409326424871, 0.8395904436860068, 0.8395904436860068, 0.8395904436860068, 0.8395904436860068, 0.8395904436860068, 0.8395904436860068, 0.8395904436860068, 0.8395904436860068, 0.8395904436860068, 0.8395904436860068, 0.8395904436860068, 0.8395904436860068, 0.8395904436860068, 0.8395904436860068, 0.8395904436860068, 0.8395904436860068, 0.8395904436860068, 0.8395904436860068, 0.8395904436860068, 0.8395904436860068, 0.8395904436860068, 0.8395904436860068, 0.8395904436860068] 
sameple id : 8
t1 = [0, 8.120781183242798, 12.038698196411133, 16.061664819717407, 20.069114208221436, 24.055243015289307, 28.13624095916748, 32.05786418914795, 36.117512941360474, 40.14987540245056, 44.01876425743103, 48.03609609603882, 52.017887592315674, 56.15706753730774, 60.157496213912964, 64.05900883674622, 68.01725435256958, 72.1049976348877, 76.1289336681366, 80.0077896118164, 84.12586331367493, 88.10341453552246, 92.11257314682007, 96.145188331604, 100.3628933429718, 104.18453669548035, 108.45594239234924, 112.07074284553528, 116.23772120475769, 120.2861979007721] 
q1 = [0.6817496229260935, 0.6828528072837633, 0.6920731707317073, 0.6986089644513138, 0.7018633540372671, 0.7060653188180405, 0.7113884555382216, 0.7178683385579937, 0.7255520504731862, 0.7327999999999999, 0.7387096774193548, 0.7411003236245955, 0.751219512195122, 0.7479674796747967, 0.7508196721311474, 0.7590759075907589, 0.7628524046434495, 0.7692307692307693, 0.7720465890183028, 0.7759197324414716, 0.7837837837837838, 0.7918088737201365, 0.7951807228915664, 0.7972508591065293, 0.803448275862069, 0.8076256499133448, 0.8090277777777777, 0.8069565217391304, 0.8118466898954704, 0.8132635253054101] 
t2 = [0, 8.000282287597656, 12.292177438735962, 16.06158185005188, 20.049784421920776, 24.00240969657898, 28.32837152481079, 32.188573598861694, 36.09155607223511, 40.13348984718323, 44.19666624069214, 48.062091588974, 52.11208534240723, 56.02970910072327, 60.351858377456665, 64.32206892967224, 68.26140666007996, 72.23206400871277, 76.17411613464355, 80.12481641769409, 84.04028749465942, 88.00168061256409, 92.21500277519226, 96.03993606567383, 100.1526370048523, 104.01647305488586, 108.09659838676453, 112.38270831108093, 116.06418037414551] 
q2 = [0.6817496229260935, 0.6817496229260935, 0.6848484848484848, 0.6869300911854103, 0.6920731707317073, 0.6920731707317073, 0.6931297709923664, 0.6943164362519201, 0.6964560862865948, 0.7006172839506173, 0.7017001545595055, 0.7058823529411765, 0.7080745341614908, 0.7113884555382216, 0.7136150234741785, 0.7147335423197493, 0.7158555729984302, 0.7181102362204725, 0.719242902208202, 0.7215189873417721, 0.7246835443037974, 0.7278481012658228, 0.7278481012658228, 0.7310126582278481, 0.7310126582278481, 0.7341772151898733, 0.737678855325914, 0.7400318979266347, 0.7424] 
t3 = [0, 8.028049230575562, 12.013113498687744, 16.02708864212036, 20.01357364654541, 24.284836530685425, 28.279396295547485, 32.3116500377655, 36.313218116760254, 40.32246160507202, 44.36894369125366, 48.282243967056274, 52.2635600566864, 56.25751709938049, 60.024513244628906, 64.20394992828369, 68.14859700202942, 72.03353190422058, 76.01312637329102, 80.00342917442322, 84.03394937515259, 88.0288872718811, 92.43320870399475, 96.41047215461731, 100.4201922416687, 104.44555640220642, 108.44979453086853, 112.2593719959259, 116.28827261924744, 120.28261685371399] 
q3 = [0.6817496229260935, 0.7124600638977636, 0.7412353923205343, 0.7956989247311829, 0.8490230905861457, 0.8465608465608465, 0.8465608465608465, 0.8465608465608465, 0.8397212543554007, 0.8397212543554007, 0.8397212543554007, 0.8397212543554007, 0.8397212543554007, 0.8397212543554007, 0.8397212543554007, 0.8397212543554007, 0.8397212543554007, 0.8397212543554007, 0.8397212543554007, 0.8397212543554007, 0.8397212543554007, 0.8397212543554007, 0.8397212543554007, 0.8397212543554007, 0.8397212543554007, 0.8397212543554007, 0.8397212543554007, 0.8397212543554007, 0.8397212543554007, 0.8397212543554007] 
sameple id : 9
t1 = [0, 8.140292406082153, 12.112419128417969, 16.121904611587524, 20.125760316848755, 24.110297918319702, 28.119590044021606, 32.108546018600464, 36.08085823059082, 40.04894518852234, 44.00879144668579, 48.02635741233826, 52.15821933746338, 56.12598443031311, 60.07413053512573, 64.06099009513855, 68.0341260433197, 72.04553461074829, 76.32935047149658, 80.23877263069153, 84.27256798744202, 88.06322503089905, 92.17536664009094, 96.29843473434448, 100.0357129573822, 104.27954173088074, 108.05577111244202, 112.16897821426392, 116.3314197063446, 120.0453987121582] 
q1 = [0.6818873668188737, 0.6890243902439024, 0.6945736434108527, 0.7020280811232449, 0.7062499999999999, 0.709375, 0.716323296354992, 0.7225806451612903, 0.7260940032414912, 0.7320261437908496, 0.7308319738988581, 0.7356321839080461, 0.7483443708609271, 0.7545909849749582, 0.7591973244147158, 0.7692307692307692, 0.7759197324414715, 0.7845117845117844, 0.7898305084745764, 0.7911714770797962, 0.7938671209540034, 0.797274275979557, 0.7993197278911565, 0.8006814310051107, 0.8006814310051107, 0.8006814310051107, 0.801358234295416, 0.801358234295416, 0.8027210884353742, 0.8074957410562181] 
t2 = [0, 8.29044246673584, 12.06344985961914, 16.130581378936768, 20.34155511856079, 24.06495237350464, 28.239348649978638, 32.051401138305664, 36.10607552528381, 40.33944058418274, 44.113725423812866, 48.16295313835144, 52.361342668533325, 56.00829029083252, 60.171865463256836, 64.40938973426819, 68.05341243743896, 72.25604677200317, 76.0508713722229, 80.09287142753601, 84.30946469306946, 88.00550270080566, 92.22845005989075, 96.00488567352295, 100.1393814086914, 104.34902787208557, 108.02650237083435, 112.23405575752258, 116.06489849090576] 
q2 = [0.6818873668188737, 0.6809160305343512, 0.6880733944954127, 0.6901840490797546, 0.6921898928024504, 0.6952526799387443, 0.6952526799387443, 0.6973886328725037, 0.6995377503852079, 0.7027863777089781, 0.7060653188180405, 0.7060653188180405, 0.7113884555382216, 0.7113884555382216, 0.7147335423197493, 0.7167449139280125, 0.7178683385579937, 0.7189952904238618, 0.7189952904238618, 0.7221350078492936, 0.7232704402515722, 0.7266982622432859, 0.7290015847860538, 0.7321711568938194, 0.733652312599681, 0.7371794871794871, 0.7407407407407407, 0.7419354838709677, 0.7467532467532466] 
t3 = [0, 8.025840520858765, 12.020179271697998, 16.0312979221344, 20.00524353981018, 24.415156602859497, 28.2981116771698, 32.07367277145386, 36.287336349487305, 40.036062717437744, 44.22929668426514, 48.01235342025757, 52.17438983917236, 56.38912796974182, 60.16915774345398, 64.09420728683472, 68.0574860572815, 72.12089419364929, 76.06684899330139, 80.3980782032013, 84.10854911804199, 88.28653359413147, 92.39666986465454, 96.09449648857117, 100.24558925628662, 104.36830449104309, 108.09060549736023, 112.21918106079102, 116.38312721252441, 120.06820130348206] 
q3 = [0.6818873668188737, 0.7263843648208469, 0.7542662116040957, 0.8065693430656935, 0.8511383537653241, 0.8526863084922011, 0.8526863084922011, 0.8526863084922011, 0.8526863084922011, 0.8526863084922011, 0.8526863084922011, 0.8526863084922011, 0.8487972508591066, 0.8487972508591066, 0.8487972508591066, 0.8487972508591066, 0.8487972508591066, 0.8487972508591066, 0.8487972508591066, 0.8487972508591066, 0.8487972508591066, 0.8487972508591066, 0.8487972508591066, 0.8487972508591066, 0.8487972508591066, 0.8487972508591066, 0.8487972508591066, 0.8487972508591066, 0.8487972508591066, 0.8487972508591066] 
