sameple id : 0
t1 = [0, 20.085516214370728, 30.150234937667847, 40.293614625930786, 50.08290433883667, 60.04289793968201, 70.00699400901794, 80.25022625923157, 90.02912378311157, 100.1682071685791] 
q1 = [0, 0.7295081967213114, 0.7982456140350878, 0.8198198198198198, 0.8272727272727274, 0.8363636363636364, 0.8387096774193549, 0.8504672897196263, 0.863849765258216, 0.863849765258216] 
t2 = [0, 20.11250615119934, 30.395442485809326, 40.21378302574158, 50.003477573394775, 60.33117747306824, 70.10597157478333, 80.21682596206665, 90.06682658195496] 
q2 = [0, 0.6973180076628351, 0.7027027027027026, 0.71875, 0.728744939271255, 0.7468879668049793, 0.7563025210084034, 0.7811158798283261, 0.8034934497816594] 
t3 = [0, 20.139036417007446, 30.10280132293701, 40.416159868240356, 50.31020951271057, 60.275734424591064, 70.01745867729187, 80.03975534439087, 90.08368968963623, 100.37581586837769] 
q3 = [0, 0.8051948051948051, 0.8051948051948051, 0.8051948051948051, 0.8051948051948051, 0.8230088495575221, 0.8493150684931506, 0.8571428571428572, 0.9064039408866995, 0.91] 
sameple id : 1
t1 = [0, 20.155986547470093, 30.122695207595825, 40.105472803115845, 50.3513240814209, 60.00009727478027, 70.23351836204529, 80.06401705741882, 90.18973755836487, 100.3969554901123] 
q1 = [0, 0.7952755905511811, 0.8114754098360656, 0.8250000000000001, 0.8368200836820083, 0.8438818565400844, 0.8547008547008547, 0.8680851063829786, 0.8755364806866953, 0.9051724137931034] 
t2 = [0, 20.045954704284668, 30.08852219581604, 40.15991425514221, 50.39818215370178, 60.25429368019104, 70.30857920646667, 80.2514283657074, 90.04442977905273] 
q2 = [0, 0.7407407407407408, 0.7575757575757577, 0.7680608365019012, 0.7859922178988327, 0.8015873015873016, 0.8178137651821863, 0.8326530612244899, 0.8559670781893004] 
t3 = [0, 20.090015411376953, 30.08597469329834, 40.438862562179565, 50.407331705093384, 60.09459733963013, 70.09566497802734, 80.09639596939087, 90.04174327850342, 100.43906664848328] 
q3 = [0, 0.8455284552845528, 0.8455284552845528, 0.8455284552845528, 0.8455284552845528, 0.8489795918367348, 0.8776371308016877, 0.8851063829787235, 0.9043478260869565, 0.9327354260089686] 
sameple id : 2
t1 = [0, 20.10164737701416, 30.13674521446228, 40.363609075546265, 50.101566314697266, 60.15623927116394, 70.13947439193726, 80.12285041809082, 90.08685517311096, 100.001544713974] 
q1 = [0, 0.6963562753036437, 0.7619047619047619, 0.7927927927927928, 0.8018018018018018, 0.8256880733944952, 0.8372093023255814, 0.8611111111111112, 0.8584905660377358, 0.8666666666666666] 
t2 = [0, 20.212931394577026, 30.034218311309814, 40.104854583740234, 50.0787250995636, 60.1279182434082, 70.43140506744385, 80.11089587211609, 90.23679208755493] 
q2 = [0, 0.674074074074074, 0.6867924528301887, 0.7081712062256809, 0.7359999999999999, 0.7499999999999999, 0.7603305785123967, 0.788135593220339, 0.808695652173913] 
t3 = [0, 20.40772843360901, 30.062525510787964, 40.171754121780396, 50.155654191970825, 60.0852997303009, 70.03465843200684, 80.02938342094421, 90.22302150726318, 100.15368390083313] 
q3 = [0, 0.8407079646017699, 0.8407079646017699, 0.8407079646017699, 0.8407079646017699, 0.8597285067873303, 0.9029126213592232, 0.9038461538461537, 0.9313725490196079, 0.9268292682926829] 
sameple id : 3
t1 = [0, 20.119092226028442, 30.17502498626709, 40.063493490219116, 50.08907604217529, 60.246028423309326, 70.39248657226562, 80.10867929458618, 90.2984709739685, 100.0292055606842] 
q1 = [0, 0.7335907335907335, 0.7654320987654321, 0.7881355932203389, 0.8, 0.8240343347639485, 0.8484848484848484, 0.8672566371681416, 0.8749999999999999, 0.8839285714285714] 
t2 = [0, 20.35248565673828, 30.294119358062744, 40.217896461486816, 50.120182037353516, 60.03022837638855, 70.0929183959961, 80.04108881950378, 90.02841234207153] 
q2 = [0, 0.7272727272727273, 0.7380073800738007, 0.7547169811320754, 0.7751937984496124, 0.790513833992095, 0.819672131147541, 0.8368200836820083, 0.8510638297872342] 
t3 = [0, 20.36792755126953, 30.47493624687195, 40.39837145805359, 50.291276931762695, 60.37615633010864, 70.11065101623535, 80.05036687850952, 90.17521238327026, 100.08935928344727] 
q3 = [0, 0.8347107438016529, 0.8347107438016529, 0.8347107438016529, 0.8347107438016529, 0.8347107438016529, 0.8523206751054853, 0.8669527896995708, 0.8938053097345133, 0.9395348837209303] 
sameple id : 4
t1 = [0, 20.07684302330017, 30.05366277694702, 40.39765024185181, 50.160483598709106, 60.201268672943115, 70.45433378219604, 80.00345492362976, 90.12603735923767, 100.31391763687134] 
q1 = [0, 0.76, 0.8067226890756303, 0.815450643776824, 0.815450643776824, 0.8311688311688311, 0.8508771929824561, 0.8711111111111111, 0.8868778280542986, 0.9] 
t2 = [0, 20.083831787109375, 30.035420894622803, 40.08670115470886, 50.04933500289917, 60.07100176811218, 70.04419660568237, 80.35063099861145, 90.27951574325562] 
q2 = [0, 0.736842105263158, 0.7432950191570881, 0.7607843137254903, 0.7791164658634538, 0.7918367346938776, 0.8132780082987552, 0.8305084745762712, 0.8412017167381974] 
t3 = [0, 20.08509659767151, 30.062979459762573, 40.21043944358826, 50.51477360725403, 60.19018745422363, 70.16248559951782, 80.04137778282166, 90.19929599761963, 100.22837591171265] 
q3 = [0, 0.8771929824561404, 0.8771929824561404, 0.8771929824561404, 0.8771929824561404, 0.8771929824561404, 0.9, 0.9252336448598131, 0.947867298578199, 0.9389671361502347] 
sameple id : 5
t1 = [0, 20.061567783355713, 30.081464529037476, 40.20675468444824, 50.1154420375824, 60.331111669540405, 70.24371767044067, 80.32023334503174, 90.15109872817993, 100.1139862537384] 
q1 = [0, 0.7213114754098361, 0.7521367521367522, 0.7685589519650655, 0.7739130434782608, 0.7860262008733625, 0.801762114537445, 0.8198198198198198, 0.8288288288288289, 0.832579185520362] 
t2 = [0, 20.195040464401245, 30.276187419891357, 40.00952506065369, 50.141505002975464, 60.3848671913147, 70.3681902885437, 80.11889052391052, 90.06135201454163] 
q2 = [0, 0.6690140845070423, 0.6761565836298933, 0.6884057971014492, 0.7351778656126483, 0.7591836734693878, 0.7782426778242678, 0.7948717948717949, 0.808695652173913] 
t3 = [0, 20.256152391433716, 30.031651258468628, 40.389606952667236, 50.381712913513184, 60.436169147491455, 70.05460405349731, 80.03815913200378, 90.04072976112366, 100.10702466964722] 
q3 = [0, 0.831858407079646, 0.831858407079646, 0.831858407079646, 0.831858407079646, 0.8545454545454546, 0.8761904761904761, 0.8720379146919433, 0.9038461538461537, 0.8952380952380952] 
sameple id : 6
t1 = [0, 20.00609016418457, 30.12113666534424, 40.476550579071045, 50.06253910064697, 60.021790981292725, 70.40350723266602, 80.22857165336609, 90.3623673915863, 100.19721913337708] 
q1 = [0, 0.732283464566929, 0.7679324894514767, 0.7811158798283262, 0.793103448275862, 0.8122270742358078, 0.8266666666666667, 0.84304932735426, 0.8545454545454546, 0.8778280542986425] 
t2 = [0, 20.428591012954712, 30.144136428833008, 40.03225493431091, 50.06731081008911, 60.11483812332153, 70.1397020816803, 80.02403831481934, 90.19215989112854] 
q2 = [0, 0.7037037037037037, 0.711111111111111, 0.7300380228136881, 0.75, 0.7729083665338645, 0.7918367346938775, 0.8016528925619836, 0.8200836820083682] 
t3 = [0, 20.39185118675232, 30.025681018829346, 40.03497767448425, 50.274329662323, 60.167744398117065, 70.4234607219696, 80.09499955177307, 90.00928378105164, 100.37231183052063] 
q3 = [0, 0.8484848484848485, 0.8484848484848485, 0.8484848484848485, 0.8484848484848485, 0.8521739130434782, 0.8858447488584474, 0.8899082568807338, 0.9468599033816424, 0.9326923076923077] 
sameple id : 7
t1 = [0, 20.01822519302368, 30.097054958343506, 40.175708293914795, 50.25459671020508, 60.10475134849548, 70.22838139533997, 80.17321801185608, 90.2267918586731, 100.3889389038086] 
q1 = [0, 0.7096774193548387, 0.7652173913043478, 0.7739130434782607, 0.7876106194690266, 0.8071748878923768, 0.8294930875576036, 0.8544600938967135, 0.8679245283018867, 0.8909952606635071] 
t2 = [0, 20.39997172355652, 30.43498921394348, 40.1372275352478, 50.17854046821594, 60.26129746437073, 70.29397130012512, 80.29854941368103, 90.04003739356995] 
q2 = [0, 0.6899224806201552, 0.6980392156862745, 0.7007874015748031, 0.7228915662650602, 0.7459016393442623, 0.773109243697479, 0.7896995708154507, 0.8086956521739129] 
t3 = [0, 20.32402992248535, 30.144312143325806, 40.20695734024048, 50.18889617919922, 60.38674759864807, 70.4259922504425, 80.04314756393433, 90.16702079772949, 100.17883944511414] 
q3 = [0, 0.8311688311688312, 0.8311688311688312, 0.8311688311688312, 0.8311688311688312, 0.8571428571428571, 0.892018779342723, 0.8962264150943396, 0.9359605911330049, 0.9215686274509803] 
sameple id : 8
t1 = [0, 20.072411060333252, 30.091928005218506, 40.15182423591614, 50.08511161804199, 60.35714602470398, 70.23908019065857, 80.01514887809753, 90.4435350894928, 100.31699466705322] 
q1 = [0.7132867132867133, 0.748091603053435, 0.7723577235772358, 0.7768595041322315, 0.7851239669421487, 0.7933884297520661, 0.8083333333333333, 0.8200836820083682, 0.8403361344537815, 0.8425531914893617] 
t2 = [0, 20.01630449295044, 30.426539182662964, 40.13357901573181, 50.00329375267029, 60.24207854270935, 70.401113986969, 80.31710624694824, 90.3954210281372] 
q2 = [0.7132867132867133, 0.7364620938628159, 0.7391304347826088, 0.7527675276752768, 0.7611940298507464, 0.7816091954022988, 0.7876447876447876, 0.807843137254902, 0.8240000000000001] 
t3 = [0, 20.36455464363098, 30.053622722625732, 40.381561517715454, 50.19315004348755, 60.00095200538635, 70.13004040718079, 80.21645092964172, 90.08428406715393, 100.12508893013] 
q3 = [0.7132867132867133, 0.8207171314741036, 0.8207171314741036, 0.8207171314741036, 0.8207171314741036, 0.8273092369477912, 0.8373983739837398, 0.8583333333333334, 0.9066666666666666, 0.8879310344827587] 
sameple id : 9
t1 = [0, 20.14276623725891, 30.00123119354248, 40.42231011390686, 50.237560749053955, 60.46767807006836, 70.05610466003418, 80.15521264076233, 90.01573038101196, 100.39314579963684] 
q1 = [0, 0.7190082644628101, 0.7657657657657657, 0.7873303167420814, 0.7927927927927927, 0.8071748878923766, 0.8181818181818181, 0.8348623853211009, 0.8479262672811061, 0.8598130841121496] 
t2 = [0, 20.112784385681152, 30.329246044158936, 40.11103916168213, 50.182573318481445, 60.099079847335815, 70.3344898223877, 80.15635681152344, 90.31481957435608] 
q2 = [0, 0.6813186813186813, 0.7014925373134329, 0.7045454545454546, 0.7237354085603113, 0.7301587301587301, 0.7449392712550607, 0.7666666666666666, 0.7829787234042553] 
t3 = [0, 20.136280059814453, 30.023883819580078, 40.256118297576904, 50.38723635673523, 60.209532260894775, 70.04758858680725, 80.0642580986023, 90.04466843605042, 100.15615844726562] 
q3 = [0, 0.8266666666666667, 0.8266666666666667, 0.8266666666666667, 0.8266666666666667, 0.8532110091743119, 0.9029126213592233, 0.8985507246376812, 0.9207920792079208, 0.911764705882353] 
