sameple id : 0
t1 = [0.7512831687927246, 4.146819829940796, 6.0944037437438965, 8.09188985824585, 10.013206958770752, 12.100850343704224, 14.010921239852905, 16.117112636566162, 18.12617301940918, 20.075721740722656] 
q1 = [0.6420664206642066, 0.6492537313432836, 0.651685393258427, 0.6591760299625469, 0.6666666666666666, 0.6666666666666666, 0.6717557251908397, 0.676923076923077, 0.6875000000000001, 0.6901960784313725] 
t2 = [0.4510009288787842, 4.013675928115845, 6.04862117767334, 8.028549671173096, 10.033681631088257, 12.41990327835083, 14.418521165847778, 16.44197988510132, 18.031969785690308] 
q2 = [0.6420664206642066, 0.6468401486988848, 0.6468401486988848, 0.6492537313432836, 0.651685393258427, 0.6590909090909092, 0.6615969581749049, 0.6641221374045801, 0.6666666666666666] 
t3 = [0.4930448532104492, 4.134604454040527, 12.905280351638794, 12.92182731628418, 13.178749322891235, 13.195447206497192, 22.45372200012207, 22.472382068634033] 
q3 = [0.6420664206642066, 0.7219917012448133, 0.7219917012448133, 0.7219917012448133, 0.7219917012448133, 0.7219917012448133, 0.7219917012448133, 0.7219917012448133] 
sameple id : 1
t1 = [0.5254099369049072, 4.107659339904785, 6.0786213874816895, 8.116584300994873, 10.084465026855469, 12.037775039672852, 14.063708543777466, 16.157285451889038, 18.036477088928223, 20.083832263946533] 
q1 = [0.7142857142857143, 0.7216494845360824, 0.736842105263158, 0.7446808510638298, 0.75177304964539, 0.75, 0.7526881720430108, 0.7526881720430108, 0.7598566308243727, 0.757142857142857] 
t2 = [0.5575659275054932, 4.44983983039856, 6.046956777572632, 8.121522665023804, 10.033822774887085, 12.116558074951172, 14.229430913925171, 16.326183557510376, 18.416669607162476] 
q2 = [0.7142857142857143, 0.7191780821917808, 0.7216494845360824, 0.7216494845360824, 0.7241379310344827, 0.7266435986159169, 0.7291666666666666, 0.7317073170731707, 0.7342657342657344] 
t3 = [0.46216917037963867, 4.176619291305542, 12.998921155929565, 13.01622724533081, 13.256606101989746, 13.2731351852417, 22.136685132980347, 22.153722047805786] 
q3 = [0.7142857142857143, 0.7925925925925926, 0.7925925925925926, 0.7925925925925926, 0.7925925925925926, 0.7925925925925926, 0.7925925925925926, 0.7925925925925926] 
sameple id : 2
t1 = [0.5171887874603271, 4.175971746444702, 6.084864139556885, 8.064718008041382, 10.136565923690796, 12.066780090332031, 14.009676933288574, 16.036346435546875, 18.101588249206543, 20.034953594207764] 
q1 = [0.5663082437275986, 0.5776173285198556, 0.5860805860805861, 0.5904059040590406, 0.5970149253731344, 0.599250936329588, 0.599250936329588, 0.6060606060606061, 0.6083650190114068, 0.6153846153846153] 
t2 = [0.6364498138427734, 4.331301927566528, 6.018997669219971, 8.057305812835693, 10.25039005279541, 12.432044982910156, 14.064581871032715, 16.03075385093689, 18.144609451293945] 
q2 = [0.5663082437275986, 0.5734767025089607, 0.5755395683453237, 0.5776173285198556, 0.5797101449275363, 0.5839416058394161, 0.5860805860805861, 0.5882352941176471, 0.5904059040590406] 
t3 = [0.4962139129638672, 4.2298455238342285, 13.17454719543457, 13.192137241363525, 13.460227251052856, 13.476937294006348, 23.148179292678833, 23.166324377059937] 
q3 = [0.5663082437275986, 0.7188940092165897, 0.7188940092165897, 0.7188940092165897, 0.7188940092165897, 0.7188940092165897, 0.7188940092165897, 0.7188940092165897] 
sameple id : 3
t1 = [0.5545120239257812, 4.111912250518799, 6.020040512084961, 8.143241882324219, 10.125718116760254, 12.082726240158081, 14.072260618209839, 16.066047191619873, 18.051671981811523, 20.036415576934814] 
q1 = [0.6323024054982818, 0.6433566433566433, 0.6524822695035462, 0.6618705035971223, 0.6618181818181817, 0.6691176470588235, 0.674074074074074, 0.6816479400749064, 0.6867924528301887, 0.6893939393939393] 
t2 = [0.6137058734893799, 4.197867155075073, 6.377767086029053, 8.01850438117981, 10.115731239318848, 12.124020099639893, 14.204725742340088, 16.33510994911194, 18.47795009613037] 
q2 = [0.6323024054982818, 0.6344827586206897, 0.6388888888888888, 0.6411149825783972, 0.6433566433566433, 0.6433566433566433, 0.647887323943662, 0.6524822695035462, 0.6524822695035462] 
t3 = [0.47623300552368164, 4.239856719970703, 13.397116899490356, 13.414270877838135, 13.684748888015747, 13.701218843460083, 23.117409706115723, 23.133548736572266] 
q3 = [0.6323024054982818, 0.7811158798283262, 0.7811158798283262, 0.7811158798283262, 0.7811158798283262, 0.7811158798283262, 0.7811158798283262, 0.7811158798283262] 
sameple id : 4
t1 = [0.5371830463409424, 4.089342832565308, 6.129933595657349, 8.045369625091553, 10.042453050613403, 12.131634950637817, 14.119210720062256, 16.086597204208374, 18.01884651184082, 20.14387011528015] 
q1 = [0.636986301369863, 0.6503496503496504, 0.6526315789473685, 0.657243816254417, 0.6548042704626335, 0.6618705035971223, 0.6739926739926739, 0.6789667896678968, 0.6840148698884758, 0.6920152091254753] 
t2 = [0.575753927230835, 4.046878099441528, 6.042670726776123, 8.0447416305542, 10.027323722839355, 12.121129751205444, 14.142132043838501, 16.15093994140625, 18.29840874671936] 
q2 = [0.636986301369863, 0.636986301369863, 0.6391752577319588, 0.6458333333333334, 0.6480836236933798, 0.6526315789473685, 0.6526315789473685, 0.657243816254417, 0.6619217081850534] 
t3 = [0.48273301124572754, 4.16073751449585, 13.039087533950806, 13.055717468261719, 13.31147837638855, 13.32793927192688, 22.53757929801941, 22.576732397079468] 
q3 = [0.636986301369863, 0.7654320987654321, 0.7654320987654321, 0.7654320987654321, 0.7654320987654321, 0.7654320987654321, 0.7654320987654321, 0.7654320987654321] 
