sameple id : 0
t1 = [0, 20.091267108917236, 30.080085039138794, 40.04183340072632, 50.016871213912964, 60.083462715148926, 70.08374047279358, 80.04239153862, 90.25610542297363, 100.33541798591614, 110.09226775169373, 120.33090853691101] 
q1 = [0, 0.7157894736842105, 0.7345679012345679, 0.7479935794542536, 0.7569331158238173, 0.7687188019966721, 0.7871621621621623, 0.8055555555555556, 0.8126094570928196, 0.8140350877192982, 0.8183421516754851, 0.823321554770318] 
t2 = [0, 20.202436923980713, 30.04436469078064, 40.28588080406189, 50.019991397857666, 60.44799590110779, 70.41291165351868, 80.27646684646606, 90.00511145591736, 100.48117327690125, 110.40476989746094] 
q2 = [0, 0.6748299319727891, 0.6766712141882674, 0.6850828729281768, 0.7215568862275448, 0.7269984917043741, 0.7314112291350531, 0.7381316998468607, 0.740399385560676, 0.7449768160741885, 0.7519500780031201] 
t3 = [0, 20.038295030593872, 30.41097068786621, 40.407267570495605, 50.42908239364624, 60.15090799331665, 70.12517666816711, 80.10768485069275, 90.42437982559204, 100.20499610900879, 110.40634608268738, 120.42340397834778] 
q3 = [0, 0.8426573426573426, 0.8448275862068965, 0.8448275862068965, 0.8448275862068965, 0.8448275862068965, 0.8448275862068965, 0.8448275862068965, 0.8448275862068965, 0.8448275862068965, 0.8448275862068965, 0.8448275862068965] 
sameple id : 1
t1 = [0, 20.048003911972046, 30.097120761871338, 40.01552152633667, 50.10203242301941, 60.02094388008118, 70.02667260169983, 80.03392195701599, 90.05520534515381, 100.16270160675049, 110.41398644447327, 120.0442156791687] 
q1 = [0.7068723702664796, 0.7283236994219654, 0.7415066469719349, 0.75642965204236, 0.7611710323574731, 0.768503937007874, 0.7845659163987138, 0.8099999999999999, 0.814070351758794, 0.8168067226890756, 0.8229342327150085, 0.8285229202037351] 
t2 = [0, 20.060383081436157, 30.369821310043335, 40.37128734588623, 50.0421028137207, 60.26916456222534, 70.00322437286377, 80.08561968803406, 90.17355585098267, 100.23201298713684, 110.06723833084106] 
q2 = [0.7068723702664796, 0.7108603667136814, 0.7130681818181818, 0.7189728958630528, 0.7241379310344828, 0.7322720694645443, 0.7365356622998543, 0.739766081871345, 0.7463126843657818, 0.7518573551263001, 0.7574850299401198] 
t3 = [0, 20.01424503326416, 30.91869616508484, 40.04838299751282, 50.23975491523743, 60.3626070022583, 70.3182806968689, 80.22515606880188, 90.0267105102539, 100.40598034858704, 110.0008111000061, 120.35499620437622] 
q3 = [0.7068723702664796, 0.7801857585139318, 0.8443708609271523, 0.8443708609271523, 0.8443708609271523, 0.8443708609271523, 0.8443708609271523, 0.8443708609271523, 0.8443708609271523, 0.8443708609271523, 0.8443708609271523, 0.8443708609271523] 
sameple id : 2
t1 = [0, 20.033432483673096, 30.11785316467285, 40.00040555000305, 50.01448082923889, 60.02395796775818, 70.13547706604004, 80.07041525840759, 90.08809566497803, 100.39131999015808, 110.24593710899353, 120.16239976882935] 
q1 = [0, 0.7153502235469449, 0.7267175572519083, 0.7314814814814815, 0.7335423197492164, 0.7504025764895329, 0.771523178807947, 0.7899159663865546, 0.7952218430034129, 0.8020654044750429, 0.810344827586207, 0.8166089965397924] 
t2 = [0, 20.35578441619873, 30.43614935874939, 40.0460262298584, 50.151469707489014, 60.36273550987244, 70.00942540168762, 80.28281211853027, 90.35817289352417, 100.19296979904175, 112.02994847297668] 
q2 = [0, 0.6783783783783784, 0.7094890510948905, 0.7136563876651983, 0.7189349112426036, 0.722962962962963, 0.7294469357249627, 0.7319277108433735, 0.7416413373860182, 0.7442572741194485, 0.7496159754224271] 
t3 = [0, 20.024052619934082, 30.12080693244934, 40.40497040748596, 50.222652196884155, 60.263147592544556, 70.06871318817139, 80.13883972167969, 90.12466597557068, 100.47893023490906, 110.00961327552795, 120.23539996147156] 
q3 = [0, 0.8033333333333333, 0.83, 0.83, 0.83, 0.83, 0.83, 0.83, 0.83, 0.8313856427378964, 0.8313856427378964, 0.8313856427378964] 
sameple id : 3
t1 = [0, 20.13013982772827, 30.120651483535767, 40.0220251083374, 50.03050374984741, 60.11855959892273, 70.13353514671326, 80.31993842124939, 90.37883758544922, 100.13430190086365, 110.30959248542786, 120.28913354873657] 
q1 = [0.6695526695526696, 0.7009063444108761, 0.711864406779661, 0.7313195548489666, 0.7438825448613376, 0.7655986509274875, 0.7758620689655172, 0.7852112676056338, 0.7907801418439716, 0.7957371225577266, 0.8, 0.8] 
t2 = [0, 20.14360237121582, 30.1861834526062, 40.03773832321167, 50.04963040351868, 60.003655195236206, 70.211434841156, 80.31182980537415, 90.10910654067993, 100.01365303993225, 110.09380292892456] 
q2 = [0.6695526695526696, 0.6793557833089311, 0.6833578792341679, 0.6884272997032641, 0.6996996996996997, 0.7049924357034796, 0.7082066869300911, 0.7177914110429447, 0.7180277349768874, 0.7258566978193146, 0.7346938775510204] 
t3 = [0, 20.00992727279663, 31.378233194351196, 40.02701926231384, 50.88133978843689, 61.61001801490784, 70.00278925895691, 81.28819680213928, 92.26690101623535, 101.82769513130188, 110.53311252593994, 121.42635655403137] 
q3 = [0.6695526695526696, 0.7863247863247863, 0.826388888888889, 0.826388888888889, 0.826388888888889, 0.826388888888889, 0.826388888888889, 0.826388888888889, 0.826388888888889, 0.826388888888889, 0.826388888888889, 0.826388888888889] 
sameple id : 4
t1 = [0, 20.082265853881836, 30.104304790496826, 40.054665088653564, 50.0408992767334, 60.04194498062134, 70.05772924423218, 80.0025954246521, 97.83712363243103, 100.51090955734253, 110.11090612411499, 120.25065779685974] 
q1 = [0, 0.7208271787296897, 0.7278195488721804, 0.7348837209302326, 0.7433070866141732, 0.7515923566878981, 0.7617504051863857, 0.785234899328859, 0.7972508591065292, 0.7972508591065292, 0.8013816925734024, 0.8013816925734024] 
t2 = [0, 20.86625599861145, 30.327545642852783, 40.107388734817505, 50.10431981086731, 60.24270939826965, 70.01851963996887, 80.0667073726654, 90.0254020690918, 100.09263968467712, 110.34948325157166] 
q2 = [0, 0.682002706359946, 0.7122093023255814, 0.7174231332357248, 0.7216494845360824, 0.7313432835820896, 0.7354260089686099, 0.7409638554216866, 0.7424242424242424, 0.7503828483920367, 0.7585139318885449] 
t3 = [0, 20.191781044006348, 30.008689165115356, 40.01489067077637, 50.20912051200867, 60.28302979469299, 70.01402807235718, 80.07315373420715, 90.01388335227966, 100.36460399627686, 110.02228260040283, 120.34468746185303] 
q3 = [0, 0.8464163822525597, 0.8464163822525597, 0.8464163822525597, 0.8464163822525597, 0.8464163822525597, 0.8464163822525597, 0.8464163822525597, 0.8464163822525597, 0.8464163822525597, 0.8464163822525597, 0.8464163822525597] 
sameple id : 5
t1 = [0, 20.062162160873413, 30.11179828643799, 40.04378128051758, 50.14333724975586, 60.06157636642456, 70.02680563926697, 80.12559151649475, 90.05753517150879, 100.17147326469421, 110.3403856754303, 120.27228593826294] 
q1 = [0, 0.6938159879336351, 0.7131782945736435, 0.7292993630573249, 0.7438825448613376, 0.759535655058043, 0.7668918918918918, 0.7839721254355402, 0.7880910683012259, 0.7936507936507937, 0.7971781305114638, 0.8021201413427561] 
t2 = [0, 20.31955575942993, 30.106156587600708, 40.22489261627197, 50.039072036743164, 60.07570004463196, 70.09739375114441, 80.04333424568176, 90.31683993339539, 100.42262172698975, 110.0234706401825] 
q2 = [0, 0.6712141882673943, 0.6758241758241758, 0.6935724962630793, 0.6987951807228916, 0.7049924357034797, 0.7082066869300913, 0.7147239263803682, 0.7149460708782743, 0.7227414330218068, 0.7338582677165355] 
t3 = [0, 20.07853674888611, 30.230059146881104, 40.32896876335144, 50.362388610839844, 60.45106363296509, 70.0095784664154, 80.31796979904175, 90.06187605857849, 100.41697430610657, 110.16296792030334, 120.10167479515076] 
q3 = [0, 0.8336192109777016, 0.8336192109777016, 0.8336192109777016, 0.8336192109777016, 0.8336192109777016, 0.8336192109777016, 0.8336192109777016, 0.8336192109777016, 0.8336192109777016, 0.8336192109777016, 0.8336192109777016] 
sameple id : 6
t1 = [0, 20.042011976242065, 30.075432777404785, 40.043806076049805, 50.13853192329407, 60.09647226333618, 70.13148927688599, 80.07043027877808, 95.48500204086304, 100.3514666557312, 110.29717016220093, 120.0339457988739] 
q1 = [0, 0.6868381240544628, 0.7006172839506172, 0.7088607594936709, 0.7158908507223114, 0.736842105263158, 0.7394957983193277, 0.7568493150684932, 0.7678883071553229, 0.7678883071553229, 0.7719298245614035, 0.778169014084507] 
t2 = [0, 20.274333000183105, 30.132219314575195, 40.169772148132324, 50.27810263633728, 60.006277322769165, 70.06311440467834, 80.28644442558289, 90.1014461517334, 100.2810800075531, 110.1668472290039] 
q2 = [0, 0.6593103448275862, 0.6638888888888889, 0.6835820895522389, 0.6897590361445782, 0.6960486322188448, 0.6992366412213741, 0.7087827426810478, 0.7142857142857143, 0.7221350078492934, 0.7278481012658228] 
t3 = [0, 20.251502513885498, 30.035643577575684, 40.11465311050415, 50.21822118759155, 60.463430404663086, 70.15572357177734, 80.05897426605225, 90.36915445327759, 100.38452219963074, 110.5050482749939, 120.13177514076233] 
q3 = [0, 0.8350877192982457, 0.8350877192982457, 0.8350877192982457, 0.8350877192982457, 0.8350877192982457, 0.8350877192982457, 0.8350877192982457, 0.8350877192982457, 0.8350877192982457, 0.8350877192982457, 0.8350877192982457] 
sameple id : 7
t1 = [0, 20.13241696357727, 30.024884700775146, 40.058839082717896, 50.02289915084839, 60.106388330459595, 70.10952615737915, 80.2534294128418, 90.33502101898193, 100.21870446205139, 110.19794368743896, 120.0119206905365] 
q1 = [0, 0.7232142857142858, 0.7286585365853658, 0.7366771159874608, 0.7468354430379748, 0.7659574468085106, 0.7892074198988196, 0.7986230636833046, 0.8041594454072791, 0.808362369337979, 0.8097731239092495, 0.81326352530541] 
t2 = [0, 20.14599347114563, 30.366373777389526, 40.008150577545166, 50.01178026199341, 60.29036736488342, 70.34370636940002, 80.07283163070679, 90.00856161117554, 100.35469794273376, 110.04361057281494] 
q2 = [0, 0.6820652173913044, 0.6905089408528199, 0.7140740740740742, 0.7223880597014926, 0.7234678624813154, 0.7256371814092955, 0.7311178247734138, 0.7366818873668189, 0.75, 0.7546583850931677] 
t3 = [0, 20.22728681564331, 30.190560817718506, 40.425838470458984, 50.03358483314514, 60.20483326911926, 70.06658148765564, 80.02497935295105, 90.42469692230225, 100.28610610961914, 110.07333827018738, 120.16614484786987] 
q3 = [0, 0.8551724137931035, 0.8551724137931035, 0.8551724137931035, 0.8551724137931035, 0.8551724137931035, 0.8551724137931035, 0.8566493955094991, 0.8566493955094991, 0.8566493955094991, 0.8566493955094991, 0.8566493955094991] 
sameple id : 8
t1 = [0, 20.141018629074097, 30.011820077896118, 40.00213551521301, 50.04695272445679, 60.08167791366577, 70.00704598426819, 80.29864645004272, 90.07061004638672, 100.18712735176086, 110.1347885131836, 120.15585064888] 
q1 = [0, 0.7071320182094082, 0.7278382581648521, 0.7321711568938193, 0.7395498392282958, 0.7454844006568144, 0.771043771043771, 0.7785467128027681, 0.78125, 0.782608695652174, 0.7867132867132867, 0.7902097902097902] 
t2 = [0, 20.363255977630615, 30.156193017959595, 40.014869928359985, 50.09418344497681, 60.26398825645447, 70.14776754379272, 80.31119632720947, 90.15608048439026, 100.46601295471191, 110.2995719909668] 
q2 = [0, 0.6923076923076924, 0.6943620178041543, 0.7005988023952096, 0.7101669195751138, 0.7162367223065251, 0.7184170471841703, 0.7250384024577572, 0.7306501547987615, 0.7340590979782269, 0.7441130298273155] 
t3 = [0, 20.018986463546753, 30.376405239105225, 40.04531764984131, 50.05413556098938, 60.43932104110718, 70.09562516212463, 80.0164909362793, 90.18984460830688, 100.15873432159424, 110.07595181465149, 120.33065342903137] 
q3 = [0, 0.8281786941580757, 0.8281786941580757, 0.8281786941580757, 0.8281786941580757, 0.8281786941580757, 0.8281786941580757, 0.8296041308089501, 0.8296041308089501, 0.8296041308089501, 0.8296041308089501, 0.8296041308089501] 
sameple id : 9
t1 = [0, 20.119685173034668, 30.10019063949585, 40.10221529006958, 50.18573188781738, 60.00067615509033, 70.10809206962585, 80.04561614990234, 90.10496377944946, 100.50173759460449, 110.06218314170837, 120.34781885147095] 
q1 = [0, 0.7057057057057058, 0.7145038167938932, 0.7278382581648523, 0.7376788553259142, 0.7495908346972177, 0.7599999999999999, 0.7794871794871794, 0.7916666666666666, 0.7930434782608696, 0.7972027972027972, 0.804920913884007] 
t2 = [0, 20.264636278152466, 30.197057485580444, 40.08092761039734, 50.31207227706909, 60.02620196342468, 70.43240284919739, 80.38419938087463, 90.02292203903198, 100.41584753990173, 110.11263012886047] 
q2 = [0, 0.6639344262295083, 0.6951399116347569, 0.7022222222222224, 0.7106446776611693, 0.7170953101361575, 0.7223065250379362, 0.7267175572519083, 0.7353846153846153, 0.7387944358578052, 0.7433903576982892] 
t3 = [0, 20.44815754890442, 30.236839771270752, 40.135985374450684, 50.045971632003784, 60.03277277946472, 70.00722241401672, 80.04370665550232, 90.04749917984009, 100.14982891082764, 110.39138340950012, 120.080815076828] 
q3 = [0, 0.8284228769497402, 0.8284228769497402, 0.8284228769497402, 0.8284228769497402, 0.8284228769497402, 0.8284228769497402, 0.829861111111111, 0.829861111111111, 0.829861111111111, 0.829861111111111, 0.829861111111111] 
