[0.73753449]
[0.73753449]
[0.37279712]
[0.59215106]
[0.59215106]
[0.37279712]
[0.37279712]
[0.37279712]
[0.67114029]
[0.43919131]
[0.73753449]
[0.52575686]
[0.73753449]
[0.67114029]
[0.73753449]
[0.37279712]
[0.51818054]
[0.73753449]
[0.73753449]
[0.73753449]
[0.73753449]
[0.73753449]
[0.73753449]
[0.43919131]
[0.59215106]
[0.67114029]
[0.73753449]
[0.58457474]
[0.51818054]
[0.73753449]
[0.73753449]
[0.51818054]
[0.73753449]
[0.37279712]
[0.73753449]
[0.59215106]
[0.59215106]
[0.73753449]
[0.59215106]
[0.67114029]
[0.73753449]
[0.52575686]
[0.58457474]
[0.37279712]
[0.37279712]
[0.37279712]
[0.58457474]
[0.73753449]
[0.73753449]
[0.73753449]
[0.73753449]
[0.59215106]
[0.52575686]
[0.52575686]
[0.73753449]
[0.67114029]
[0.67114029]
[0.73753449]
[0.73753449]
[0.67114029]
[0.73753449]
[0.73753449]
[0.43919131]
[0.59215106]
[0.59215106]
[0.67114029]
[0.59215106]
[0.67114029]
[0.58457474]
[0.51818054]
[0.43919131]
[0.73753449]
[0.58457474]
[0.37279712]
[0.59215106]
[0.52575686]
[0.52575686]
[0.52575686]
[0.58457474]
[0.73753449]
[0.43919131]
[0.59215106]
[0.73753449]
[0.73753449]
[0.37279712]
[0.73753449]
[0.59215106]
[0.51818054]
[0.52575686]
[0.73753449]
[0.43919131]
[0.73753449]
[0.51818054]
[0.58457474]
[0.52575686]
[0.52575686]
[0.52575686]
[0.52575686]
[0.67114029]
[0.73753449]
[0.73753449]
[0.58457474]
[0.52575686]
[0.37279712]
[0.43919131]
[0.67114029]
[0.59215106]
[0.59215106]
[0.58457474]
[0.67114029]
[0.59215106]
[0.73753449]
[0.73753449]
[0.73753449]
[0.73753449]
[0.37279712]
[0.73753449]
[0.67114029]
[0.73753449]
[0.73753449]
[0.37279712]
[0.73753449]
[0.51818054]
[0.51818054]
[0.52575686]
[0.73753449]
[0.67114029]
[0.58457474]
[0.37279712]
[0.52575686]
[0.43919131]
[0.58457474]
[0.73753449]
[0.51818054]
[0.52575686]
[0.43919131]
[0.73753449]
[0.58457474]
[0.73753449]
[0.67114029]
[0.73753449]
[0.73753449]
[0.73753449]
[0.73753449]
[0.52575686]
[0.58457474]
[0.52575686]
[0.73753449]
[0.73753449]
[0.67114029]
[0.73753449]
[0.58457474]
[0.58457474]
[0.73753449]
[0.51818054]
[0.43919131]
[0.43919131]
[0.73753449]
[0.52575686]
[0.59215106]
[0.51818054]
[0.52575686]
[0.37279712]
[0.52575686]
[0.37279712]
[0.73753449]
[0.73753449]
[0.67114029]
[0.67114029]
[0.67114029]
[0.52575686]
[0.73753449]
[0.37279712]
[0.67114029]
[0.59215106]
[0.37279712]
[0.52575686]
[0.59215106]
[0.52575686]
[0.58457474]
[0.58457474]
[0.67114029]
[0.52575686]
[0.73753449]
[0.59215106]
[0.67114029]
[0.73753449]
[0.73753449]
[0.51818054]
[0.73753449]
[0.58457474]
[0.73753449]
[0.73753449]
[0.37279712]
[0.51818054]
[0.59215106]
[0.51818054]
[0.73753449]
[0.37279712]
[0.51818054]
[0.73753449]
[0.37279712]
[0.73753449]
[0.58457474]
[0.51818054]
[0.51818054]
[0.59215106]
[0.59215106]
[0.67114029]
[0.52575686]
[0.73753449]
[0.52575686]
[0.43919131]
[0.51818054]
[0.52575686]
[0.58457474]
[0.67114029]
[0.37279712]
[0.37279712]
[0.67114029]
[0.67114029]
[0.52575686]
[0.43919131]
[0.37279712]
[0.52575686]
[0.59215106]
[0.73753449]
[0.73753449]
[0.51818054]
[0.67114029]
[0.59215106]
[0.59215106]
[0.59215106]
[0.73753449]
[0.73753449]
[0.73753449]
[0.67114029]
[0.73753449]
[0.73753449]
[0.67114029]
[0.73753449]
[0.52575686]
[0.67114029]
[0.73753449]
[0.43919131]
[0.52575686]
[0.43919131]
[0.37279712]
[0.43919131]
[0.52575686]
