[0.67114029]
[0.37279712]
[0.73753449]
[0.37279712]
[0.73753449]
[0.73753449]
[0.73753449]
[0.73753449]
[0.59215106]
[0.67114029]
[0.67114029]
[0.51818054]
[0.37279712]
[0.59215106]
[0.51818054]
[0.73753449]
[0.51818054]
[0.67114029]
[0.73753449]
[0.43919131]
[0.51818054]
[0.37279712]
[0.52575686]
[0.73753449]
[0.43919131]
[0.51818054]
[0.73753449]
[0.52575686]
[0.73753449]
[0.67114029]
[0.51818054]
[0.67114029]
[0.73753449]
[0.51818054]
[0.37279712]
[0.73753449]
[0.73753449]
[0.59215106]
[0.73753449]
[0.73753449]
[0.52575686]
[0.73753449]
[0.67114029]
[0.58457474]
[0.73753449]
[0.37279712]
[0.43919131]
[0.73753449]
[0.59215106]
[0.43919131]
[0.67114029]
[0.58457474]
[0.43919131]
[0.58457474]
[0.73753449]
[0.67114029]
[0.52575686]
[0.52575686]
[0.67114029]
[0.43919131]
[0.67114029]
[0.73753449]
[0.58457474]
[0.58457474]
[0.37279712]
[0.59215106]
[0.51818054]
[0.43919131]
[0.67114029]
[0.58457474]
[0.59215106]
[0.58457474]
[0.73753449]
[0.37279712]
[0.73753449]
[0.52575686]
[0.73753449]
[0.59215106]
[0.58457474]
[0.37279712]
[0.43919131]
[0.52575686]
[0.59215106]
[0.51818054]
[0.52575686]
[0.73753449]
[0.67114029]
[0.73753449]
[0.59215106]
[0.73753449]
[0.52575686]
[0.67114029]
[0.43919131]
[0.52575686]
[0.59215106]
[0.37279712]
[0.37279712]
[0.59215106]
[0.52575686]
[0.58457474]
[0.58457474]
[0.52575686]
[0.67114029]
[0.59215106]
[0.52575686]
[0.37279712]
[0.37279712]
[0.52575686]
[0.73753449]
[0.67114029]
[0.67114029]
[0.73753449]
[0.37279712]
[0.58457474]
[0.73753449]
[0.51818054]
[0.52575686]
[0.58457474]
[0.37279712]
[0.37279712]
[0.67114029]
[0.73753449]
[0.37279712]
[0.59215106]
[0.59215106]
[0.37279712]
[0.52575686]
[0.58457474]
[0.51818054]
[0.67114029]
[0.73753449]
[0.67114029]
[0.59215106]
[0.43919131]
[0.73753449]
[0.59215106]
[0.51818054]
[0.73753449]
[0.51818054]
[0.73753449]
[0.73753449]
[0.59215106]
[0.67114029]
[0.58457474]
[0.58457474]
[0.51818054]
[0.59215106]
[0.37279712]
[0.67114029]
[0.59215106]
[0.51818054]
[0.52575686]
[0.73753449]
[0.73753449]
[0.43919131]
[0.37279712]
[0.59215106]
[0.52575686]
[0.73753449]
[0.51818054]
[0.37279712]
[0.73753449]
[0.51818054]
[0.51818054]
[0.37279712]
[0.67114029]
[0.58457474]
[0.37279712]
[0.58457474]
[0.52575686]
[0.43919131]
[0.52575686]
[0.52575686]
[0.37279712]
[0.67114029]
[0.73753449]
[0.59215106]
[0.58457474]
[0.37279712]
[0.37279712]
[0.67114029]
[0.67114029]
[0.73753449]
[0.43919131]
[0.73753449]
[0.59215106]
[0.37279712]
[0.67114029]
[0.59215106]
[0.52575686]
[0.73753449]
[0.52575686]
[0.73753449]
[0.37279712]
[0.59215106]
[0.59215106]
[0.43919131]
[0.37279712]
[0.52575686]
[0.52575686]
[3.64554013e-12]
[2.04423681e-26]
[3.24090365e-25]
[4.68606129e-20]
[1.11956705e-22]
[8.15987228e-30]
[1.43274974e-23]
[2.93617464e-29]
[8.57272765e-32]
[1.69598625e-22]
[4.42086478e-25]
[0.0050617]
[3.25669251e-27]
[4.9306955e-34]
[2.50126629e-20]
[3.21538861e-18]
[3.43530015e-28]
[3.50524696e-06]
[1.92720712e-28]
[4.56053976e-31]
[3.8619853e-23]
[6.85982452e-39]
[2.10501119e-36]
[5.73950622e-33]
[3.04810691e-30]
[9.52364139e-25]
[7.17389676e-26]
[5.87755599e-26]
[7.93789885e-21]
[2.03194209e-23]
[9.66911784e-26]
[1.55441095e-30]
[1.07991397e-26]
[1.8604741e-43]
[3.67832748e-24]
[2.64284574e-26]
[1.1592664e-21]
[2.02715246e-53]
[2.22482855e-19]
[5.06307037e-15]
[5.83140963e-10]
[8.42063674e-18]
[1.21404215e-21]
[1.24728174e-16]
[3.31584159e-29]
[4.56478027e-16]
[1.05257336e-19]
[1.91445698e-27]
[2.08393178e-12]
[0.99248074]
[1.38942446e-48]
[6.64619776e-15]
[3.29192963e-21]
[2.92779337e-12]
[1.4481157e-34]
[8.12802618e-14]
[8.40778116e-25]
[1.81438145e-16]
[3.10381694e-28]
[2.44775297e-28]
[8.04659085e-25]
[6.40909686e-23]
[2.47335013e-24]
[2.25557219e-29]
[1.34931568e-22]
[3.2906012e-25]
[1.97489064e-28]
[3.80617778e-10]
[1.09376596e-22]
[1.45884722e-17]
[1.06010203e-30]
[3.8777782e-20]
[2.42565868e-20]
[1.09526106e-12]
[7.30895602e-34]
[7.81593001e-11]
[1.59504142e-22]
[1.77549959e-32]
[4.33249997e-19]
[4.61275157e-17]
[7.10416408e-24]
[3.06687364e-27]
[2.48878102e-28]
[3.89020739e-29]
[5.35205498e-26]
[1.76062985e-23]
[4.35416712e-14]
[9.46964225e-28]
[9.30807406e-11]
[8.35663892e-25]
[2.04187097e-15]
[1.24749935e-06]
[1.77120349e-24]
[1.84959413e-18]
[5.67661676e-41]
[3.08743288e-12]
[2.68237745e-24]
[1.44858115e-34]
[3.56739861e-26]
[1.83551691e-26]
[6.83755221e-17]
[3.23419239e-26]
[1.04533862e-28]
[7.12487277e-20]
[1.81060885e-14]
[1.97155067e-23]
[1.7757484e-16]
[8.49281418e-29]
[6.06448408e-30]
[5.1367393e-15]
[3.40368567e-14]
[9.18948226e-43]
[2.92240459e-38]
[1.06149412e-35]
[9.20850781e-19]
[1.07291258e-27]
[8.5522207e-19]
[1.09301611e-33]
[8.41670678e-27]
[1.59958514e-31]
[2.97715721e-18]
[4.65508732e-26]
[9.11917874e-18]
[0.12519702]
[1.2148366e-31]
[4.78268688e-39]
[3.57480992e-24]
[2.08984436e-25]
[0.00233751]
[0.00048716]
[1.8667685e-20]
[4.68541358e-30]
[1.07968838e-27]
[1.960115e-42]
[1.0858077e-21]
[6.78660507e-27]
[1.07794801e-16]
[2.4130154e-30]
[4.66586373e-27]
[1.05986113e-32]
[1.11485438e-24]
[1.87510317e-12]
[4.00143534e-09]
[1.07833162e-23]
[3.19647672e-09]
[1.63787142e-21]
[1.69023354e-35]
[3.30227979e-27]
[3.67802457e-18]
[9.57230804e-23]
[2.10252576e-29]
[1.64707691e-13]
[5.92996053e-26]
[1.59909752e-30]
[1.39154973e-33]
[1.4047539e-29]
[1.10496461e-20]
[5.01861223e-21]
[8.02240499e-31]
[8.04678794e-24]
[6.13328578e-23]
[1.87662025e-29]
[7.89004211e-25]
[6.99777327e-20]
[3.13357838e-26]
[3.00138955e-31]
[1.22802614e-27]
[1.23579079e-13]
[1.04203596e-34]
[5.47666764e-18]
[6.56016421e-26]
[1.84905461e-22]
[1.58106376e-16]
[4.4627765e-17]
[2.42697669e-35]
[8.60457139e-27]
[1.36531667e-14]
[4.18025073e-21]
[3.66618679e-13]
[5.34867065e-28]
[5.0521316e-24]
[5.93563412e-43]
[2.02760052e-14]
[2.70465383e-40]
[6.3134441e-28]
[4.14431913e-22]
[6.53985615e-24]
[9.10159308e-32]
[3.51433884e-32]
[2.14522696e-32]
[2.57461153e-20]
[6.69706388e-21]
[2.18789241e-44]
[1.13380412e-32]
[2.01325156e-26]
[3.65837887e-28]
[2.15201047e-23]
[1.35985283e-12]
[6.41497476e-10]
[3.26885022e-14]
size of answer set : 2
real F1 : 0.000000
budget values : [0, 4, 8, 12, 16, 20, 24, 28, 32, 36, 40] 
f1 measures : [0, 0.13333333333333333, 0.125, 0.125, 0.10526315789473685, 0.10526315789473685, 0.10526315789473685, 0.10526315789473685, 0.10526315789473685, 0.2, 0.1904761904761905] 
Workflow1 : [<function genderPredicate3 at 0x10a962c08>, <function genderPredicate1 at 0x10a962b90>, <function genderPredicate7 at 0x10a962cf8>] 
Workflow2 : [<function expressionPredicate1 at 0x10a962d70>, <function expressionPredicate3 at 0x10a962de8>, <function expressionPredicate7 at 0x10a962ed8>] 
Time taken: 29.106187, f1 measure of the answer set: 0.190476, precision:0.529872, recall:0.780794
