[0.73753449]
[0.37279712]
[0.51818054]
[0.58457474]
[0.73753449]
[0.52575686]
[0.73753449]
[0.73753449]
[0.52575686]
[0.43919131]
[0.73753449]
[0.51818054]
[0.43919131]
[0.37279712]
[0.51818054]
[0.52575686]
[0.73753449]
[0.73753449]
[0.73753449]
[0.73753449]
[0.51818054]
[0.73753449]
[0.52575686]
[0.37279712]
[0.73753449]
[0.51818054]
[0.67114029]
[0.52575686]
[0.67114029]
[0.73753449]
[0.58457474]
[0.73753449]
[0.59215106]
[0.52575686]
[0.52575686]
[0.52575686]
[0.43919131]
[0.51818054]
[0.52575686]
[0.67114029]
[0.67114029]
[0.73753449]
[0.43919131]
[0.43919131]
[0.59215106]
[0.58457474]
[0.59215106]
[0.43919131]
[0.73753449]
[0.73753449]
[0.67114029]
[0.52575686]
[0.59215106]
[0.73753449]
[0.58457474]
[0.73753449]
[0.43919131]
[0.51818054]
[0.73753449]
[0.51818054]
[0.58457474]
[0.67114029]
[0.59215106]
[0.59215106]
[0.73753449]
[0.58457474]
[0.52575686]
[0.37279712]
[0.58457474]
[0.73753449]
[0.51818054]
[0.67114029]
[0.52575686]
[0.37279712]
[0.43919131]
[0.51818054]
[0.43919131]
[0.37279712]
[0.58457474]
[0.37279712]
[0.52575686]
[0.58457474]
[0.52575686]
[0.58457474]
[0.37279712]
[0.73753449]
[0.67114029]
[0.59215106]
[0.58457474]
[0.67114029]
[0.37279712]
[0.37279712]
[0.67114029]
[0.67114029]
[0.73753449]
[0.73753449]
[0.58457474]
[0.59215106]
[0.67114029]
[0.67114029]
[0.59215106]
[0.58457474]
[0.59215106]
[0.59215106]
[0.73753449]
[0.43919131]
[0.58457474]
[0.67114029]
[0.73753449]
[0.51818054]
[0.67114029]
[0.52575686]
[0.37279712]
[0.73753449]
[0.73753449]
[0.73753449]
[0.59215106]
[0.59215106]
[0.58457474]
[0.51818054]
[0.73753449]
[0.58457474]
[0.67114029]
[0.37279712]
[0.37279712]
[0.37279712]
[0.67114029]
[0.73753449]
[0.37279712]
[0.59215106]
[0.67114029]
[0.52575686]
[0.52575686]
[0.52575686]
[0.59215106]
[0.51818054]
[0.67114029]
[0.52575686]
[0.37279712]
[0.59215106]
[0.52575686]
[0.37279712]
[0.73753449]
[0.67114029]
[0.73753449]
[0.52575686]
[0.58457474]
[0.59215106]
[0.37279712]
[0.52575686]
[0.37279712]
[0.59215106]
[0.43919131]
[0.52575686]
[0.67114029]
[0.52575686]
[0.52575686]
[0.51818054]
[0.52575686]
[0.67114029]
[0.51818054]
[0.37279712]
[0.37279712]
[0.67114029]
[0.73753449]
[0.73753449]
[0.51818054]
[0.73753449]
[0.73753449]
[0.52575686]
[0.51818054]
[0.67114029]
[0.67114029]
[0.52575686]
[0.43919131]
[0.37279712]
[0.59215106]
[0.52575686]
[0.73753449]
[0.59215106]
[0.37279712]
[0.59215106]
[0.37279712]
[0.58457474]
[0.73753449]
[0.43919131]
[0.52575686]
[0.67114029]
[0.52575686]
[0.58457474]
[0.51818054]
[0.51818054]
[0.59215106]
[0.52575686]
[0.67114029]
[0.73753449]
[0.43919131]
[0.52575686]
[0.37279712]
[0.37279712]
[4.34463265e-22]
[1.19721342e-15]
[3.39490415e-25]
[6.92977973e-25]
[2.93617464e-29]
[4.01117259e-28]
[4.51201626e-18]
[3.73236479e-30]
[2.56686325e-24]
[1.87724943e-11]
[2.0280364e-26]
[1.7382237e-27]
[2.3951574e-43]
[6.85982452e-39]
[3.1377612e-26]
[1.7150304e-23]
[5.73950622e-33]
[6.59116553e-27]
[2.81785189e-35]
[7.17389676e-26]
[2.55757303e-23]
[2.87533782e-32]
[8.8808678e-07]
[8.58927866e-27]
[4.2328537e-35]
[7.54684e-33]
[1.59195394e-25]
[5.1385583e-17]
[2.37068368e-19]
[1.42087645e-13]
[1.57024001e-21]
[2.22482855e-19]
[5.38432056e-31]
[4.68288179e-35]
[1.19347154e-17]
[5.83140963e-10]
[5.56209057e-23]
[6.52143746e-13]
[1.10564398e-20]
[2.35278736e-30]
[9.76998017e-28]
[6.57445645e-30]
[3.40576189e-31]
[0.99248074]
[1.42296332e-26]
[2.92779337e-12]
[1.74796502e-24]
[2.4230628e-30]
[2.19671e-38]
[1.19552001e-30]
[7.15832251e-26]
[1.4905983e-25]
[2.82492786e-21]
[3.30735628e-36]
[5.85736003e-16]
[1.62585774e-19]
[5.92923233e-37]
[1.97489064e-28]
[1.74039823e-27]
[3.18725485e-12]
[7.54481898e-28]
[1.09376596e-22]
[5.70582811e-10]
[1.06010203e-30]
[3.55939396e-19]
[3.8777782e-20]
[2.12638589e-24]
[1.09526106e-12]
[3.4703285e-12]
[1.21919361e-40]
[5.44496013e-22]
[1.94475334e-27]
[2.99106145e-13]
[4.61275157e-17]
[2.16523541e-25]
[9.16590005e-18]
[7.10416408e-24]
[1.25262122e-34]
[1.14177679e-43]
[1.91143932e-29]
[2.04187097e-15]
[4.33494249e-29]
[3.28384362e-28]
[8.19654232e-09]
[1.73227266e-28]
[1.89633119e-28]
[1.83920212e-24]
[1.00423476e-27]
[7.00938801e-28]
[4.84508477e-24]
[3.08743288e-12]
[2.68237745e-24]
[4.41532347e-14]
[9.95733192e-33]
[2.43902884e-19]
[3.79776961e-27]
[1.29446376e-28]
[8.39767402e-17]
[6.13622985e-23]
[1.04533862e-28]
[7.12487277e-20]
[1.04640284e-30]
[9.49222863e-34]
[2.57292832e-29]
[2.84918761e-30]
[4.62891303e-24]
[1.8766475e-28]
[3.40368567e-14]
[1.66081124e-23]
[3.22722204e-36]
[2.97715721e-18]
[2.21096701e-29]
[2.74179241e-21]
[4.65508732e-26]
[5.34656249e-20]
[1.75712225e-27]
[1.03741384e-36]
[4.68289404e-23]
[4.31563227e-29]
[0.00233751]
[4.03286696e-27]
[1.18974422e-28]
[4.68541358e-30]
[1.15405241e-22]
[0.01079412]
[1.997029e-37]
[1.481091e-11]
[2.63455911e-18]
[2.17006531e-23]
[6.78660507e-27]
[2.89088036e-06]
[6.48841725e-24]
[3.13039471e-16]
[1.7756853e-26]
[8.36447038e-25]
[7.07700098e-30]
[4.00143534e-09]
[7.51946589e-22]
[1.70092402e-17]
[3.21188608e-29]
[1.45275016e-17]
[1.1629136e-15]
[1.78158825e-28]
[5.94565339e-17]
[9.79483605e-37]
[1.31806341e-35]
[8.98716846e-27]
[9.57795815e-19]
[3.57690463e-34]
[4.44421113e-38]
[2.79929134e-22]
[3.89679482e-22]
[1.39154973e-33]
[0.00027797]
[5.46553037e-21]
[0.00014699]
[1.00732658e-25]
[5.36644612e-17]
[5.01861223e-21]
[2.05267479e-23]
[3.62710693e-20]
[6.13328578e-23]
[1.71584914e-28]
[1.05816297e-11]
[8.10749702e-17]
[1.36054343e-31]
[5.49824424e-08]
[6.31293576e-16]
[5.51299118e-29]
[1.17282304e-21]
[2.85980629e-31]
[8.00880328e-25]
[1.67205045e-10]
[1.58106376e-16]
[1.73552307e-26]
[8.46169716e-29]
[2.33330764e-31]
[3.20303658e-17]
[1.56133558e-23]
[1.38192572e-35]
[3.66618679e-13]
[5.66847487e-20]
[2.24145023e-25]
[1.85930214e-22]
[3.52151504e-18]
[4.74958074e-33]
[6.49938983e-31]
[2.09264577e-21]
[4.79215252e-26]
[1.37584914e-35]
[5.46383704e-23]
[8.57866781e-09]
[1.65127743e-31]
[1.51823711e-22]
[8.91686951e-24]
[2.18789241e-44]
[2.15201047e-23]
[2.30435238e-26]
[1.91666099e-13]
[5.1254111e-20]
budget values : [4, 8, 12, 16, 20, 24, 28, 32, 36, 40] 
f1 measures : [0, 0, 0, 0, 0, 0, 0, 0, 0.09090909090909091, 0.08695652173913045] 
Workflow1 : [<function genderPredicate3 at 0x1136d8c80>, <function genderPredicate1 at 0x1136d8c08>, <function genderPredicate7 at 0x1136d8d70>] 
Workflow2 : [<function expressionPredicate1 at 0x1136d8de8>, <function expressionPredicate3 at 0x1136d8e60>, <function expressionPredicate7 at 0x1136d8f50>] 
Time taken: 26.120733, f1 measure of the answer set: 0.086957, precision:0.427214, recall:0.810280
