0.583249107203
[0.         0.09640523 0.11111111 0.12091503 0.13398693 0.14542484
 0.14869281 0.22712418 0.24673203 0.27124183 0.2875817  0.29575163
 0.3120915  0.3120915  0.31372549 0.31699346 0.31862745 0.33006536
 0.33169935 0.37581699 0.38071895 0.42810458 0.42973856 0.43137255
 0.44444444 0.4624183  0.49183007 0.50490196 0.52124183 0.52777778
 0.53267974 0.5751634  0.65196078 0.65359477 0.70098039 0.71568627
 0.72875817 0.73202614 0.73366013 0.75163399 0.76797386 0.8251634
 0.8251634  0.82679739 0.83660131 0.86764706 0.89542484 0.89869281
 0.99346405 1.        ]
[0.         0.1056701  0.12113402 0.16494845 0.19587629 0.20360825
 0.20360825 0.29123711 0.29896907 0.33505155 0.37886598 0.38917526
 0.40463918 0.41752577 0.42010309 0.42783505 0.43556701 0.43814433
 0.43814433 0.46907216 0.47938144 0.53092784 0.53092784 0.54896907
 0.55927835 0.56185567 0.60824742 0.62113402 0.62628866 0.6314433
 0.63917526 0.71649485 0.80927835 0.80927835 0.83762887 0.84278351
 0.8685567  0.87371134 0.87886598 0.88917526 0.89175258 0.92010309
 0.92268041 0.92268041 0.92783505 0.92783505 0.94329897 0.94329897
 1.         1.        ]
thresholds
[1.74620787 0.74620787 0.74368042 0.71696485 0.71443741 0.68165635
 0.6791289  0.6773152  0.67478776 0.66888742 0.66635997 0.64807219
 0.64582305 0.64554474 0.6432956  0.61658003 0.61405258 0.61276368
 0.61023624 0.59999475 0.59746731 0.58737253 0.58127153 0.58061726
 0.5685026  0.56597515 0.55812952 0.55137425 0.5488468  0.53445582
 0.52282101 0.51847987 0.51005208 0.5052128  0.50329681 0.50076936
 0.48923685 0.48698771 0.46556315 0.45774469 0.45392835 0.44115942
 0.43407099 0.42243619 0.42178192 0.40966726 0.39253891 0.35675054
 0.34446147 0.29154476]
total detection
[0.         0.20207533 0.23224513 0.28586349 0.32986322 0.34903308
 0.35230106 0.5183613  0.5457011  0.60629338 0.66644768 0.68492689
 0.71673068 0.72961728 0.73382858 0.74482852 0.75419446 0.76820969
 0.76984368 0.84488916 0.8601004  0.95903241 0.9606664  0.98034162
 1.00372279 1.02427397 1.10007749 1.12603598 1.14753049 1.15922108
 1.171855   1.29165824 1.46123913 1.46287312 1.53860926 1.55846978
 1.59731487 1.60573748 1.61252611 1.64080924 1.65972643 1.74526649
 1.74784381 1.7494778  1.76443636 1.79548211 1.83872381 1.84199178
 1.99346405 2.        ]
Gender time: 0.023048 acc. 0.501000 select_1 0.765000 preY:1000.000000 testY:1000.000000 testX:1000.000000 select_2 0.235000
[0.48994792 0.51005208]
[0.65553853 0.34446147]
[0.48994792 0.51005208]
[0.48994792 0.51005208]
[0.48994792 0.51005208]
[0.55884058 0.44115942]
[0.35445526 0.64554474]
[0.48994792 0.51005208]
[0.33364003 0.66635997]
[0.65553853 0.34446147]
[0.48994792 0.51005208]
[0.65553853 0.34446147]
[0.55884058 0.44115942]
[0.28556259 0.71443741]
[0.35445526 0.64554474]
[0.65553853 0.34446147]
[0.4511532 0.5488468]
[0.65553853 0.34446147]
[0.65553853 0.34446147]
[0.48994792 0.51005208]
[0.48994792 0.51005208]
[0.48994792 0.51005208]
[0.48994792 0.51005208]
[0.48994792 0.51005208]
[0.48994792 0.51005208]
[0.65553853 0.34446147]
[0.65553853 0.34446147]
[0.48994792 0.51005208]
[0.65553853 0.34446147]
[0.48994792 0.51005208]
[0.49670319 0.50329681]
[0.65553853 0.34446147]
[0.48994792 0.51005208]
[0.49923064 0.50076936]
[0.60746109 0.39253891]
[0.48994792 0.51005208]
[0.65553853 0.34446147]
[0.65553853 0.34446147]
[0.48994792 0.51005208]
[0.48994792 0.51005208]
[0.49670319 0.50329681]
[0.59033274 0.40966726]
[0.4314974 0.5685026]
[0.65553853 0.34446147]
[0.48994792 0.51005208]
[0.48994792 0.51005208]
[0.41262747 0.58737253]
[0.41262747 0.58737253]
[0.49923064 0.50076936]
[0.70845524 0.29154476]
[0.33111258 0.66888742]
[0.40000525 0.59999475]
[0.40000525 0.59999475]
[0.59033274 0.40966726]
[0.49670319 0.50329681]
[0.49670319 0.50329681]
[0.48994792 0.51005208]
[0.55884058 0.44115942]
[0.48994792 0.51005208]
[0.59033274 0.40966726]
[0.48994792 0.51005208]
[0.65553853 0.34446147]
[0.51076315 0.48923685]
[0.44187048 0.55812952]
[0.48994792 0.51005208]
[0.48994792 0.51005208]
[0.65553853 0.34446147]
[0.28303515 0.71696485]
[0.44862575 0.55137425]
[0.33364003 0.66635997]
[0.48994792 0.51005208]
[0.60746109 0.39253891]
[0.48994792 0.51005208]
[0.65553853 0.34446147]
[0.65553853 0.34446147]
[0.3226848 0.6773152]
[0.51076315 0.48923685]
[0.51076315 0.48923685]
[0.70845524 0.29154476]
[0.33111258 0.66888742]
[0.48994792 0.51005208]
[0.49670319 0.50329681]
[0.65553853 0.34446147]
[0.65553853 0.34446147]
[0.43402485 0.56597515]
[0.40000525 0.59999475]
[0.40000525 0.59999475]
[0.48994792 0.51005208]
[0.54607165 0.45392835]
[0.55884058 0.44115942]
[0.49670319 0.50329681]
[0.65553853 0.34446147]
[0.49670319 0.50329681]
[0.48994792 0.51005208]
[0.35192781 0.64807219]
[0.49670319 0.50329681]
[0.65553853 0.34446147]
[0.48994792 0.51005208]
[0.48994792 0.51005208]
[0.33364003 0.66635997]
[0.43402485 0.56597515]
[0.41262747 0.58737253]
[0.40000525 0.59999475]
[0.55884058 0.44115942]
[0.49670319 0.50329681]
[0.65553853 0.34446147]
[0.43402485 0.56597515]
[0.35417695 0.64582305]
[0.48994792 0.51005208]
[0.33111258 0.66888742]
[0.33111258 0.66888742]
[0.60746109 0.39253891]
[0.54225531 0.45774469]
[0.54225531 0.45774469]
[0.49670319 0.50329681]
[0.40000525 0.59999475]
[0.48994792 0.51005208]
[0.33111258 0.66888742]
[0.49670319 0.50329681]
[0.40000525 0.59999475]
[0.60746109 0.39253891]
[0.65553853 0.34446147]
[0.65553853 0.34446147]
[0.65553853 0.34446147]
[0.33364003 0.66635997]
[0.49923064 0.50076936]
[0.49923064 0.50076936]
[0.51076315 0.48923685]
[0.54225531 0.45774469]
[0.55884058 0.44115942]
[0.65553853 0.34446147]
[0.44187048 0.55812952]
[0.55884058 0.44115942]
[0.55884058 0.44115942]
[0.41262747 0.58737253]
[0.41262747 0.58737253]
[0.49670319 0.50329681]
[0.51076315 0.48923685]
[0.44187048 0.55812952]
[0.41262747 0.58737253]
[0.25631958 0.74368042]
[0.41262747 0.58737253]
[0.25379213 0.74620787]
[0.3226848 0.6773152]
[0.41262747 0.58737253]
[0.48152013 0.51847987]
[0.25379213 0.74620787]
[0.25379213 0.74620787]
[0.4314974 0.5685026]
[0.25379213 0.74620787]
[0.48152013 0.51847987]
[0.54607165 0.45392835]
[0.48152013 0.51847987]
[0.33111258 0.66888742]
[0.35417695 0.64582305]
[0.31834365 0.68165635]
[0.25379213 0.74620787]
[0.25379213 0.74620787]
[0.60746109 0.39253891]
[0.28303515 0.71696485]
[0.3226848 0.6773152]
[0.3226848 0.6773152]
[0.41262747 0.58737253]
[0.31834365 0.68165635]
[0.3208711 0.6791289]
[0.54607165 0.45392835]
[0.3226848 0.6773152]
[0.4511532 0.5488468]
[0.38723632 0.61276368]
[0.25379213 0.74620787]
[0.25379213 0.74620787]
[0.25379213 0.74620787]
[0.46554418 0.53445582]
[0.3226848 0.6773152]
[0.41872847 0.58127153]
[0.48152013 0.51847987]
[0.31834365 0.68165635]
[0.31834365 0.68165635]
[0.31834365 0.68165635]
[0.25379213 0.74620787]
[0.38723632 0.61276368]
[0.25379213 0.74620787]
[0.25379213 0.74620787]
[0.25379213 0.74620787]
[0.25379213 0.74620787]
[0.3226848 0.6773152]
[0.3226848 0.6773152]
[0.25379213 0.74620787]
[0.41262747 0.58737253]
[0.28303515 0.71696485]
[0.44187048 0.55812952]
[0.44862575 0.55137425]
[0.33111258 0.66888742]
[0.40000525 0.59999475]
[0.40000525 0.59999475]
[0.4314974 0.5685026]
[0.48994792 0.51005208]
[0.65553853 0.34446147]
[0.57821808 0.42178192]
[0.48152013 0.51847987]
[0.46554418 0.53445582]
[0.31834365 0.68165635]
[0.25379213 0.74620787]
[0.25631958 0.74368042]
[0.38341997 0.61658003]
[0.28303515 0.71696485]
[0.28303515 0.71696485]
[0.3226848 0.6773152]
[0.25379213 0.74620787]
[0.41938274 0.58061726]
[0.33111258 0.66888742]
[0.44187048 0.55812952]
[0.25379213 0.74620787]
[0.25379213 0.74620787]
[0.3226848 0.6773152]
[0.33111258 0.66888742]
[0.48152013 0.51847987]
[0.25631958 0.74368042]
[0.38594742 0.61405258]
[0.33364003 0.66635997]
[0.33111258 0.66888742]
[0.33111258 0.66888742]
[0.28303515 0.71696485]
[0.44187048 0.55812952]
[0.3226848 0.6773152]
[0.33111258 0.66888742]
[0.3226848 0.6773152]
[0.41938274 0.58061726]
[0.35417695 0.64582305]
[0.49670319 0.50329681]
[0.60746109 0.39253891]
[0.49670319 0.50329681]
[0.28303515 0.71696485]
[0.49670319 0.50329681]
[0.49670319 0.50329681]
[0.40000525 0.59999475]
[0.49670319 0.50329681]
[0.33111258 0.66888742]
[0.55884058 0.44115942]
[0.48994792 0.51005208]
[0.48994792 0.51005208]
[0.44187048 0.55812952]
[0.55884058 0.44115942]
[0.48994792 0.51005208]
[0.33364003 0.66635997]
[0.33364003 0.66635997]
[0.33364003 0.66635997]
[0.43402485 0.56597515]
[0.40000525 0.59999475]
[0.40000525 0.59999475]
[0.3226848 0.6773152]
[0.31834365 0.68165635]
[0.28556259 0.71443741]
[0.28556259 0.71443741]
[0.51076315 0.48923685]
[0.4511532 0.5488468]
[0.33364003 0.66635997]
[0.33111258 0.66888742]
[0.65553853 0.34446147]
[0.40253269 0.59746731]
[0.48994792 0.51005208]
[0.44187048 0.55812952]
[0.40000525 0.59999475]
[0.33364003 0.66635997]
[0.33364003 0.66635997]
[0.33364003 0.66635997]
[0.33364003 0.66635997]
[0.55884058 0.44115942]
[0.40000525 0.59999475]
[0.49670319 0.50329681]
[0.33364003 0.66635997]
[0.33364003 0.66635997]
[0.28556259 0.71443741]
[0.28556259 0.71443741]
[0.33364003 0.66635997]
[0.48994792 0.51005208]
[0.55884058 0.44115942]
[0.44187048 0.55812952]
[0.48994792 0.51005208]
[0.65553853 0.34446147]
[0.65553853 0.34446147]
[0.41262747 0.58737253]
[0.41938274 0.58061726]
[0.48994792 0.51005208]
[0.49923064 0.50076936]
[0.40253269 0.59746731]
[0.35445526 0.64554474]
[0.33111258 0.66888742]
[0.51076315 0.48923685]
[0.28556259 0.71443741]
[0.44187048 0.55812952]
[0.44187048 0.55812952]
[0.55884058 0.44115942]
[0.55884058 0.44115942]
[0.65553853 0.34446147]
[0.32521224 0.67478776]
[0.48994792 0.51005208]
[0.44187048 0.55812952]
[0.48994792 0.51005208]
[0.3226848 0.6773152]
[0.3226848 0.6773152]
[0.31834365 0.68165635]
[0.25379213 0.74620787]
[0.47717899 0.52282101]
[0.33111258 0.66888742]
[0.33111258 0.66888742]
[0.51076315 0.48923685]
[0.44187048 0.55812952]
[0.48994792 0.51005208]
[0.33364003 0.66635997]
[0.40253269 0.59746731]
[0.28303515 0.71696485]
[0.3226848 0.6773152]
[0.4314974 0.5685026]
[0.65553853 0.34446147]
[0.60746109 0.39253891]
[0.35445526 0.64554474]
[0.28556259 0.71443741]
[0.35445526 0.64554474]
[0.35192781 0.64807219]
[0.49670319 0.50329681]
[0.65553853 0.34446147]
[0.48994792 0.51005208]
[0.44187048 0.55812952]
[0.3226848 0.6773152]
[0.41938274 0.58061726]
[0.25379213 0.74620787]
[0.25379213 0.74620787]
[0.25379213 0.74620787]
[0.25379213 0.74620787]
[0.54225531 0.45774469]
[0.4314974 0.5685026]
[0.48994792 0.51005208]
[0.48994792 0.51005208]
[0.48994792 0.51005208]
[0.33364003 0.66635997]
[0.40253269 0.59746731]
[0.65553853 0.34446147]
[0.33364003 0.66635997]
[0.25379213 0.74620787]
[0.48152013 0.51847987]
[0.40000525 0.59999475]
[0.49670319 0.50329681]
[0.40000525 0.59999475]
[0.28556259 0.71443741]
[0.28556259 0.71443741]
[0.51076315 0.48923685]
[0.49670319 0.50329681]
[0.49923064 0.50076936]
[0.65553853 0.34446147]
[0.4511532 0.5488468]
[0.28556259 0.71443741]
[0.4511532 0.5488468]
[0.38341997 0.61658003]
[0.59033274 0.40966726]
[0.55884058 0.44115942]
[0.28556259 0.71443741]
[0.40000525 0.59999475]
[0.55884058 0.44115942]
[0.48994792 0.51005208]
[0.44187048 0.55812952]
[0.40000525 0.59999475]
[0.40000525 0.59999475]
[0.48994792 0.51005208]
[0.65553853 0.34446147]
[0.65553853 0.34446147]
[0.55884058 0.44115942]
[0.55884058 0.44115942]
[0.4314974 0.5685026]
[0.55884058 0.44115942]
[0.40000525 0.59999475]
[0.35417695 0.64582305]
[0.65553853 0.34446147]
[0.55884058 0.44115942]
[0.44187048 0.55812952]
[0.48994792 0.51005208]
[0.48994792 0.51005208]
[0.40000525 0.59999475]
[0.49670319 0.50329681]
[0.28556259 0.71443741]
[0.4511532 0.5488468]
[0.44862575 0.55137425]
[0.48152013 0.51847987]
[0.32521224 0.67478776]
[0.43402485 0.56597515]
[0.4511532 0.5488468]
[0.49670319 0.50329681]
[0.33364003 0.66635997]
[0.49923064 0.50076936]
[0.28556259 0.71443741]
[0.65553853 0.34446147]
[0.33111258 0.66888742]
[0.4511532 0.5488468]
[0.49670319 0.50329681]
[0.65553853 0.34446147]
[0.48152013 0.51847987]
[0.60746109 0.39253891]
[0.65553853 0.34446147]
[0.57821808 0.42178192]
[0.48152013 0.51847987]
[0.32521224 0.67478776]
[0.55884058 0.44115942]
[0.49670319 0.50329681]
[0.65553853 0.34446147]
[0.47717899 0.52282101]
[0.57821808 0.42178192]
[0.57821808 0.42178192]
[0.3226848 0.6773152]
[0.33364003 0.66635997]
[0.4314974 0.5685026]
[0.40000525 0.59999475]
[0.55884058 0.44115942]
[0.48152013 0.51847987]
[0.41262747 0.58737253]
[0.48152013 0.51847987]
[0.32521224 0.67478776]
[0.44187048 0.55812952]
[0.48994792 0.51005208]
[0.48994792 0.51005208]
[0.40000525 0.59999475]
[0.40000525 0.59999475]
[0.28556259 0.71443741]
[0.25631958 0.74368042]
[0.55884058 0.44115942]
[0.43402485 0.56597515]
[0.55884058 0.44115942]
[0.6427696 0.3572304]
[0.54607165 0.45392835]
[0.41262747 0.58737253]
[0.40253269 0.59746731]
[0.43402485 0.56597515]
[0.59033274 0.40966726]
[0.40000525 0.59999475]
[0.44187048 0.55812952]
[0.32521224 0.67478776]
[0.32521224 0.67478776]
[0.43402485 0.56597515]
[0.33364003 0.66635997]
[0.44187048 0.55812952]
[0.55884058 0.44115942]
[0.3226848 0.6773152]
[0.49670319 0.50329681]
[0.44862575 0.55137425]
[0.4511532 0.5488468]
[0.4511532 0.5488468]
[0.65553853 0.34446147]
[0.65553853 0.34446147]
[0.65553853 0.34446147]
[0.40000525 0.59999475]
[0.49670319 0.50329681]
[0.51076315 0.48923685]
[0.28303515 0.71696485]
[0.48994792 0.51005208]
[0.40253269 0.59746731]
[0.33364003 0.66635997]
[0.48152013 0.51847987]
[0.57756381 0.42243619]
[0.47717899 0.52282101]
[0.59033274 0.40966726]
[0.48152013 0.51847987]
[0.48152013 0.51847987]
[0.25379213 0.74620787]
[0.4314974 0.5685026]
[0.44187048 0.55812952]
[0.48152013 0.51847987]
[0.48994792 0.51005208]
[0.48994792 0.51005208]
[0.41262747 0.58737253]
[0.60746109 0.39253891]
[0.4511532 0.5488468]
[0.44862575 0.55137425]
[0.57821808 0.42178192]
[0.48994792 0.51005208]
[0.35192781 0.64807219]
[0.49923064 0.50076936]
[0.41262747 0.58737253]
[0.48994792 0.51005208]
[0.59033274 0.40966726]
[0.51301229 0.48698771]
[0.33364003 0.66635997]
[0.65553853 0.34446147]
[0.44862575 0.55137425]
[0.48994792 0.51005208]
[0.59033274 0.40966726]
[0.32521224 0.67478776]
[0.48152013 0.51847987]
[0.65553853 0.34446147]
[0.47717899 0.52282101]
[0.41262747 0.58737253]
[0.54225531 0.45774469]
[0.33111258 0.66888742]
[0.65553853 0.34446147]
[0.25379213 0.74620787]
[0.4947872 0.5052128]
[0.60746109 0.39253891]
[0.65553853 0.34446147]
[0.57821808 0.42178192]
[0.57821808 0.42178192]
[0.55884058 0.44115942]
[0.49923064 0.50076936]
[0.28303515 0.71696485]
[0.65553853 0.34446147]
[0.65553853 0.34446147]
[0.48994792 0.51005208]
[0.59033274 0.40966726]
[0.65553853 0.34446147]
[0.40253269 0.59746731]
[0.43402485 0.56597515]
[0.65553853 0.34446147]
[0.65553853 0.34446147]
[0.48994792 0.51005208]
[0.54225531 0.45774469]
[0.48994792 0.51005208]
[0.55884058 0.44115942]
[0.48994792 0.51005208]
[0.55884058 0.44115942]
[0.60746109 0.39253891]
[0.60746109 0.39253891]
[0.60746109 0.39253891]
[0.59033274 0.40966726]
[0.64324946 0.35675054]
[0.48994792 0.51005208]
[0.49670319 0.50329681]
[0.65553853 0.34446147]
[0.65553853 0.34446147]
[0.33111258 0.66888742]
[0.40000525 0.59999475]
[0.48994792 0.51005208]
[0.44187048 0.55812952]
[0.60746109 0.39253891]
[0.65553853 0.34446147]
[0.65553853 0.34446147]
[0.65553853 0.34446147]
[0.70845524 0.29154476]
[0.70845524 0.29154476]
[0.33364003 0.66635997]
[0.65553853 0.34446147]
[0.33364003 0.66635997]
[0.65553853 0.34446147]
[0.55884058 0.44115942]
[0.3226848 0.6773152]
[0.55884058 0.44115942]
[0.33111258 0.66888742]
[0.35417695 0.64582305]
[0.3226848 0.6773152]
[0.40000525 0.59999475]
[0.55884058 0.44115942]
[0.59033274 0.40966726]
[0.49670319 0.50329681]
[0.48994792 0.51005208]
[0.65553853 0.34446147]
[0.44187048 0.55812952]
[0.32521224 0.67478776]
[0.59033274 0.40966726]
[0.35192781 0.64807219]
[0.35192781 0.64807219]
[0.3226848 0.6773152]
[0.54607165 0.45392835]
[0.59033274 0.40966726]
[0.44187048 0.55812952]
[0.51076315 0.48923685]
[0.48994792 0.51005208]
[0.44187048 0.55812952]
[0.48152013 0.51847987]
[0.55884058 0.44115942]
[0.65553853 0.34446147]
[0.55884058 0.44115942]
[0.49670319 0.50329681]
[0.48994792 0.51005208]
[0.43402485 0.56597515]
[0.48152013 0.51847987]
[0.44862575 0.55137425]
[0.65553853 0.34446147]
[0.28556259 0.71443741]
[0.48994792 0.51005208]
[0.40000525 0.59999475]
[0.51301229 0.48698771]
[0.48152013 0.51847987]
[0.54225531 0.45774469]
[0.59033274 0.40966726]
[0.3226848 0.6773152]
[0.48994792 0.51005208]
[0.43402485 0.56597515]
[0.3567044 0.6432956]
[0.49923064 0.50076936]
[0.49923064 0.50076936]
[0.40000525 0.59999475]
[0.41262747 0.58737253]
[0.49670319 0.50329681]
[0.40000525 0.59999475]
[0.54225531 0.45774469]
[0.65553853 0.34446147]
[0.3226848 0.6773152]
[0.65553853 0.34446147]
[0.55884058 0.44115942]
[0.48994792 0.51005208]
[0.33111258 0.66888742]
[0.55884058 0.44115942]
[0.28303515 0.71696485]
[0.55884058 0.44115942]
[0.44187048 0.55812952]
[0.48994792 0.51005208]
[0.48152013 0.51847987]
[0.49670319 0.50329681]
[0.49670319 0.50329681]
[0.43402485 0.56597515]
[0.65553853 0.34446147]
[0.4314974 0.5685026]
[0.65553853 0.34446147]
[0.55884058 0.44115942]
[0.40000525 0.59999475]
[0.48152013 0.51847987]
[0.49670319 0.50329681]
[0.49670319 0.50329681]
[0.38341997 0.61658003]
[0.35417695 0.64582305]
[0.59033274 0.40966726]
[0.48152013 0.51847987]
[0.55884058 0.44115942]
[0.59033274 0.40966726]
[0.40000525 0.59999475]
[0.48994792 0.51005208]
[0.65553853 0.34446147]
[0.65553853 0.34446147]
[0.65553853 0.34446147]
[0.59033274 0.40966726]
[0.4314974 0.5685026]
[0.55884058 0.44115942]
[0.65553853 0.34446147]
[0.65553853 0.34446147]
[0.44187048 0.55812952]
[0.44187048 0.55812952]
[0.33111258 0.66888742]
[0.65553853 0.34446147]
[0.65553853 0.34446147]
[0.55884058 0.44115942]
[0.3226848 0.6773152]
[0.49670319 0.50329681]
[0.41938274 0.58061726]
[0.49670319 0.50329681]
[0.40000525 0.59999475]
[0.48994792 0.51005208]
[0.55884058 0.44115942]
[0.48994792 0.51005208]
[0.33111258 0.66888742]
[0.65553853 0.34446147]
[0.48994792 0.51005208]
[0.44862575 0.55137425]
[0.55884058 0.44115942]
[0.49670319 0.50329681]
[0.55884058 0.44115942]
[0.65553853 0.34446147]
[0.51076315 0.48923685]
[0.4511532 0.5488468]
[0.60746109 0.39253891]
[0.65553853 0.34446147]
[0.60746109 0.39253891]
[0.44862575 0.55137425]
[0.3226848 0.6773152]
[0.32521224 0.67478776]
[0.3208711 0.6791289]
[0.3226848 0.6773152]
[0.25379213 0.74620787]
[0.35417695 0.64582305]
[0.25379213 0.74620787]
[0.44187048 0.55812952]
[0.49670319 0.50329681]
[0.40000525 0.59999475]
[0.3226848 0.6773152]
[0.41262747 0.58737253]
[0.25379213 0.74620787]
[0.3226848 0.6773152]
[0.25379213 0.74620787]
[0.25379213 0.74620787]
[0.3226848 0.6773152]
[0.25379213 0.74620787]
[0.35192781 0.64807219]
[0.38723632 0.61276368]
[0.31834365 0.68165635]
[0.25631958 0.74368042]
[0.25631958 0.74368042]
[0.48994792 0.51005208]
[0.59033274 0.40966726]
[0.25379213 0.74620787]
[0.48152013 0.51847987]
[0.41262747 0.58737253]
[0.3226848 0.6773152]
[0.3226848 0.6773152]
[0.25379213 0.74620787]
[0.44187048 0.55812952]
[0.41262747 0.58737253]
[0.60746109 0.39253891]
[0.60746109 0.39253891]
[0.25379213 0.74620787]
[0.25631958 0.74368042]
[0.25631958 0.74368042]
[0.25631958 0.74368042]
[0.25379213 0.74620787]
[0.25379213 0.74620787]
[0.35417695 0.64582305]
[0.3226848 0.6773152]
[0.28556259 0.71443741]
[0.25379213 0.74620787]
[0.25379213 0.74620787]
[0.3226848 0.6773152]
[0.25379213 0.74620787]
[0.28303515 0.71696485]
[0.40000525 0.59999475]
[0.3226848 0.6773152]
[0.3226848 0.6773152]
[0.3226848 0.6773152]
[0.3226848 0.6773152]
[0.3226848 0.6773152]
[0.25379213 0.74620787]
[0.25379213 0.74620787]
[0.25379213 0.74620787]
[0.35417695 0.64582305]
[0.48152013 0.51847987]
[0.33111258 0.66888742]
[0.48152013 0.51847987]
[0.41262747 0.58737253]
[0.25379213 0.74620787]
[0.25379213 0.74620787]
[0.38723632 0.61276368]
[0.3226848 0.6773152]
[0.3226848 0.6773152]
[0.25379213 0.74620787]
[0.28556259 0.71443741]
[0.25379213 0.74620787]
[0.3226848 0.6773152]
[0.3226848 0.6773152]
[0.25379213 0.74620787]
[0.54607165 0.45392835]
[0.38976376 0.61023624]
[0.25379213 0.74620787]
[0.3226848 0.6773152]
[0.41262747 0.58737253]
[0.41262747 0.58737253]
[0.59033274 0.40966726]
[0.41262747 0.58737253]
[0.25379213 0.74620787]
[0.54607165 0.45392835]
[0.48152013 0.51847987]
[0.3226848 0.6773152]
[0.3226848 0.6773152]
[0.25379213 0.74620787]
[0.46554418 0.53445582]
[0.60746109 0.39253891]
[0.54225531 0.45774469]
[0.25379213 0.74620787]
[0.25379213 0.74620787]
[0.25379213 0.74620787]
[0.25379213 0.74620787]
[0.25379213 0.74620787]
[0.25379213 0.74620787]
[0.3226848 0.6773152]
[0.32521224 0.67478776]
[0.54607165 0.45392835]
[0.25379213 0.74620787]
[0.46554418 0.53445582]
[0.25379213 0.74620787]
[0.25379213 0.74620787]
[0.35417695 0.64582305]
[0.25379213 0.74620787]
[0.25379213 0.74620787]
[0.41262747 0.58737253]
[0.41262747 0.58737253]
[0.25631958 0.74368042]
[0.25631958 0.74368042]
[0.3226848 0.6773152]
[0.25379213 0.74620787]
[0.25379213 0.74620787]
[0.3226848 0.6773152]
[0.46554418 0.53445582]
[0.38594742 0.61405258]
[0.25379213 0.74620787]
[0.25379213 0.74620787]
[0.25379213 0.74620787]
[0.31834365 0.68165635]
[0.35417695 0.64582305]
[0.3567044 0.6432956]
[0.28303515 0.71696485]
[0.25379213 0.74620787]
[0.48152013 0.51847987]
[0.25379213 0.74620787]
[0.28303515 0.71696485]
[0.25379213 0.74620787]
[0.28303515 0.71696485]
[0.44862575 0.55137425]
[0.33111258 0.66888742]
[0.48994792 0.51005208]
[0.44862575 0.55137425]
[0.51076315 0.48923685]
[0.48152013 0.51847987]
[0.54225531 0.45774469]
[0.25379213 0.74620787]
[0.25379213 0.74620787]
[0.25379213 0.74620787]
[0.44187048 0.55812952]
[0.35192781 0.64807219]
[0.51076315 0.48923685]
[0.41938274 0.58061726]
[0.25379213 0.74620787]
[0.28556259 0.71443741]
[0.28556259 0.71443741]
[0.28556259 0.71443741]
[0.35192781 0.64807219]
[0.41938274 0.58061726]
[0.40000525 0.59999475]
[0.44862575 0.55137425]
[0.35417695 0.64582305]
[0.25379213 0.74620787]
[0.25379213 0.74620787]
[0.33364003 0.66635997]
[0.65553853 0.34446147]
[0.28303515 0.71696485]
[0.28303515 0.71696485]
[0.25379213 0.74620787]
[0.41262747 0.58737253]
[0.32521224 0.67478776]
[0.3226848 0.6773152]
[0.3226848 0.6773152]
[0.3226848 0.6773152]
[0.38723632 0.61276368]
[0.3226848 0.6773152]
[0.3226848 0.6773152]
[0.3226848 0.6773152]
[0.32521224 0.67478776]
[0.4314974 0.5685026]
[0.48994792 0.51005208]
[0.33111258 0.66888742]
[0.25379213 0.74620787]
[0.41262747 0.58737253]
[0.48152013 0.51847987]
[0.41262747 0.58737253]
[0.32521224 0.67478776]
[0.38723632 0.61276368]
[0.25379213 0.74620787]
[0.3226848 0.6773152]
[0.60746109 0.39253891]
[0.54225531 0.45774469]
[0.54225531 0.45774469]
[0.3226848 0.6773152]
[0.53443685 0.46556315]
[0.25379213 0.74620787]
[0.38723632 0.61276368]
[0.54607165 0.45392835]
[0.54607165 0.45392835]
[0.3226848 0.6773152]
[0.54225531 0.45774469]
[0.41262747 0.58737253]
[0.41262747 0.58737253]
[0.48152013 0.51847987]
[0.3226848 0.6773152]
[0.25379213 0.74620787]
[0.25379213 0.74620787]
[0.25379213 0.74620787]
[0.28303515 0.71696485]
[0.55884058 0.44115942]
[0.3226848 0.6773152]
[0.48152013 0.51847987]
[0.47717899 0.52282101]
[0.49670319 0.50329681]
[0.4314974 0.5685026]
[0.38341997 0.61658003]
[0.48152013 0.51847987]
[0.53443685 0.46556315]
[0.3226848 0.6773152]
[0.25379213 0.74620787]
[0.25631958 0.74368042]
[0.25379213 0.74620787]
[0.3226848 0.6773152]
[0.3226848 0.6773152]
[0.35417695 0.64582305]
[0.25379213 0.74620787]
[0.3226848 0.6773152]
[0.35192781 0.64807219]
[0.48152013 0.51847987]
[0.41262747 0.58737253]
[0.3226848 0.6773152]
[0.51076315 0.48923685]
[0.51076315 0.48923685]
[0.35417695 0.64582305]
[0.48152013 0.51847987]
[0.48152013 0.51847987]
[0.48152013 0.51847987]
[0.48152013 0.51847987]
[0.48152013 0.51847987]
[0.33111258 0.66888742]
[0.38341997 0.61658003]
[0.28303515 0.71696485]
[0.28303515 0.71696485]
[0.3226848 0.6773152]
[0.3226848 0.6773152]
[0.3226848 0.6773152]
[0.28303515 0.71696485]
[0.60746109 0.39253891]
[0.25379213 0.74620787]
[0.25631958 0.74368042]
[0.41938274 0.58061726]
[0.35417695 0.64582305]
[0.3226848 0.6773152]
[0.44187048 0.55812952]
[0.41262747 0.58737253]
[0.40000525 0.59999475]
[0.41262747 0.58737253]
[0.41262747 0.58737253]
[0.41262747 0.58737253]
[0.48152013 0.51847987]
[0.55884058 0.44115942]
[0.41262747 0.58737253]
[0.41262747 0.58737253]
[0.46554418 0.53445582]
[0.41262747 0.58737253]
[0.3226848 0.6773152]
[0.3226848 0.6773152]
[0.25379213 0.74620787]
[0.48152013 0.51847987]
[0.25379213 0.74620787]
[0.48152013 0.51847987]
[0.48152013 0.51847987]
[0.25379213 0.74620787]
[0.65553853 0.34446147]
[0.51076315 0.48923685]
[0.41262747 0.58737253]
[0.48152013 0.51847987]
[0.3226848 0.6773152]
[0.3226848 0.6773152]
[0.40000525 0.59999475]
[0.41262747 0.58737253]
[0.54607165 0.45392835]
[0.25379213 0.74620787]
[0.33111258 0.66888742]
[0.44187048 0.55812952]
[0.44187048 0.55812952]
[0.60746109 0.39253891]
[0.48994792 0.51005208]
[0.32521224 0.67478776]
[0.56592901 0.43407099]
[0.41262747 0.58737253]
[0.55884058 0.44115942]
[0.25379213 0.74620787]
[0.35417695 0.64582305]
[0.48152013 0.51847987]
[0.3226848 0.6773152]
[0.48152013 0.51847987]
[0.38723632 0.61276368]
[0.48994792 0.51005208]
[0.3226848 0.6773152]
[0.41262747 0.58737253]
[0.48152013 0.51847987]
[0.48152013 0.51847987]
[0.48152013 0.51847987]
[0.41262747 0.58737253]
[0.47717899 0.52282101]
[0.51301229 0.48698771]
[0.25379213 0.74620787]
[0.25379213 0.74620787]
[0.60746109 0.39253891]
[0.44187048 0.55812952]
[0.25631958 0.74368042]
[0.28303515 0.71696485]
[0.28303515 0.71696485]
[0.48152013 0.51847987]
[0.48152013 0.51847987]
[0.48152013 0.51847987]
[0.3226848 0.6773152]
[0.38594742 0.61405258]
[0.38594742 0.61405258]
[0.51076315 0.48923685]
[0.44187048 0.55812952]
[0.51301229 0.48698771]
[0.41262747 0.58737253]
[0.48152013 0.51847987]
[0.48152013 0.51847987]
[0.41262747 0.58737253]
[0.25379213 0.74620787]
[0.3226848 0.6773152]
[0.3226848 0.6773152]
[0.3226848 0.6773152]
[0.44862575 0.55137425]
[0.54225531 0.45774469]
[0.44187048 0.55812952]
[0.53443685 0.46556315]
[0.41262747 0.58737253]
[0.41262747 0.58737253]
[0.25379213 0.74620787]
[0.54225531 0.45774469]
[0.3226848 0.6773152]
[0.48152013 0.51847987]
[0.3226848 0.6773152]
[0.3226848 0.6773152]
[0.25631958 0.74368042]
[0.57821808 0.42178192]
[0.25379213 0.74620787]
[0.32521224 0.67478776]
[0.48152013 0.51847987]
[0.25379213 0.74620787]
[0.25379213 0.74620787]
[0.41262747 0.58737253]
predicted value
1
0
1
1
1
0
1
1
1
0
1
0
0
1
1
0
1
0
0
1
1
1
1
1
1
0
0
1
0
1
1
0
1
1
0
1
0
0
1
1
1
0
1
0
1
1
1
1
1
0
1
1
1
0
1
1
1
0
1
0
1
0
0
1
1
1
0
1
1
1
1
0
1
0
0
1
0
0
0
1
1
1
0
0
1
1
1
1
0
0
1
0
1
1
1
1
0
1
1
1
1
1
1
0
1
0
1
1
1
1
1
0
0
0
1
1
1
1
1
1
0
0
0
0
1
1
1
0
0
0
0
1
0
0
1
1
1
0
1
1
1
1
1
1
1
1
1
1
1
1
1
0
1
1
1
1
1
1
0
1
1
1
1
1
1
0
1
1
1
1
1
1
1
1
1
1
1
1
1
1
1
1
1
1
1
1
1
1
1
1
1
1
1
1
1
1
1
0
0
1
1
1
1
1
1
1
1
1
1
1
1
1
1
1
1
1
1
1
1
1
1
1
1
1
1
1
1
1
1
1
0
1
1
1
1
1
1
1
0
1
1
1
0
1
1
1
1
1
1
1
1
1
1
1
0
1
1
1
0
1
1
1
1
1
1
1
1
0
1
1
1
1
1
1
1
1
0
1
1
0
0
1
1
1
1
1
1
1
0
1
1
1
0
0
0
1
1
1
1
1
1
1
1
1
1
1
0
1
1
1
1
1
1
1
0
0
1
1
1
1
1
0
1
1
1
1
1
1
1
1
0
1
1
1
1
1
1
0
1
1
1
1
1
1
1
1
0
1
1
0
1
1
1
1
0
0
1
1
0
1
1
1
1
1
0
0
0
0
1
0
1
1
0
0
1
1
1
1
1
1
1
1
1
1
1
1
1
1
1
1
0
1
1
1
0
1
0
0
0
1
1
0
1
0
1
0
0
1
1
1
1
0
1
1
1
1
1
1
1
1
1
1
1
0
1
0
0
0
1
1
1
0
1
1
1
1
1
1
1
0
1
1
1
1
1
0
0
0
1
1
0
1
1
1
1
1
0
1
0
1
1
1
1
1
1
1
1
1
0
1
1
0
1
1
1
1
1
0
0
1
0
1
1
0
1
1
0
1
1
0
1
0
1
1
0
0
0
0
0
1
1
0
0
1
0
0
1
1
0
0
1
0
1
0
1
0
0
0
0
0
0
1
1
0
0
1
1
1
1
0
0
0
0
0
0
1
0
1
0
0
1
0
1
1
1
1
0
0
1
1
0
1
1
0
1
1
1
0
0
1
0
1
1
1
0
0
0
1
1
1
1
1
0
1
1
1
0
1
0
0
1
1
1
1
1
1
1
1
1
1
0
0
1
0
0
1
1
0
1
0
1
1
1
1
1
1
0
1
0
0
1
1
1
1
1
1
0
1
0
0
1
1
0
0
0
0
1
0
0
0
1
1
1
0
0
0
1
1
1
1
1
1
0
1
1
0
1
1
0
1
0
0
0
1
0
0
0
1
1
1
1
1
1
1
1
1
1
1
1
1
1
1
1
1
1
1
1
1
1
1
1
1
0
1
1
1
1
1
1
1
1
0
0
1
1
1
1
1
1
1
1
1
1
1
1
1
1
1
1
1
1
1
1
1
1
1
1
1
1
1
1
1
1
1
1
1
1
1
1
1
1
1
0
1
1
1
1
1
0
1
1
0
1
1
1
1
1
0
0
1
1
1
1
1
1
1
1
0
1
1
1
1
1
1
1
1
1
1
1
1
1
1
1
1
1
1
1
1
1
1
1
1
1
1
1
1
1
1
1
1
1
1
0
1
0
1
1
1
1
1
0
1
1
1
1
1
1
1
1
1
1
1
1
1
0
1
1
1
1
1
1
1
1
1
1
1
1
1
1
1
1
1
1
1
1
1
1
1
1
0
0
0
1
0
1
1
0
0
1
0
1
1
1
1
1
1
1
1
0
1
1
1
1
1
1
1
0
1
1
1
1
1
1
1
1
1
1
1
1
1
0
0
1
1
1
1
1
1
1
1
1
1
1
1
1
1
0
1
1
1
1
1
1
1
1
1
1
1
1
0
1
1
1
1
1
1
1
1
1
1
1
1
0
0
1
1
1
1
1
1
0
1
1
1
1
0
1
1
0
1
0
1
1
1
1
1
1
1
1
1
1
1
1
1
1
0
1
1
0
1
1
1
1
1
1
1
1
1
1
0
1
0
1
1
1
1
1
1
1
1
1
0
1
0
1
1
1
0
1
1
1
1
1
0
1
1
1
1
1
1
True value
1
1
1
1
1
1
1
1
1
1
1
1
1
1
1
1
1
1
1
1
1
1
1
1
1
1
1
1
1
1
1
1
1
1
1
1
1
1
1
1
0
0
0
0
0
0
0
0
0
0
0
0
0
0
0
0
0
0
0
0
0
0
0
0
0
0
0
0
0
0
0
0
0
0
0
0
0
0
0
0
0
0
0
0
0
0
0
0
0
0
0
0
0
0
0
0
0
0
0
0
0
0
0
0
0
0
0
0
0
0
0
0
0
0
0
0
0
0
0
0
0
0
0
0
0
0
0
0
0
0
0
0
0
0
0
0
0
0
0
0
0
0
0
0
0
0
0
0
0
0
0
0
0
0
0
0
0
0
0
0
0
0
0
0
0
0
0
0
0
0
0
0
0
0
0
0
0
0
0
0
0
0
0
0
1
1
1
1
1
1
1
1
1
1
1
1
1
1
1
1
1
1
1
1
1
1
1
1
1
1
1
1
1
1
1
1
1
1
1
1
1
1
1
1
1
1
1
1
1
1
1
1
1
1
1
1
1
1
1
1
1
1
1
1
1
1
1
1
1
1
1
1
1
1
1
1
1
1
1
1
1
1
1
1
1
1
1
1
1
1
1
1
1
1
1
1
1
1
1
1
1
1
1
1
1
1
1
1
1
1
1
1
1
1
1
1
1
1
1
1
1
1
1
1
1
1
1
1
1
1
1
1
1
1
1
1
1
1
1
1
1
1
1
1
1
1
1
1
1
1
1
1
1
1
1
1
1
1
1
1
1
1
1
1
1
1
1
1
0
0
0
0
0
0
0
0
0
0
0
0
0
0
0
0
0
0
0
0
0
0
0
0
0
0
0
0
0
0
0
0
0
0
0
0
0
0
0
0
0
0
0
0
0
0
0
0
0
0
0
0
0
0
0
0
0
0
0
0
0
0
0
0
0
0
0
0
0
0
0
0
0
0
0
0
0
0
0
0
0
0
0
0
0
0
0
0
0
0
0
0
0
0
0
0
0
0
0
0
0
0
0
0
0
0
0
0
0
0
0
0
0
0
0
0
0
0
0
0
0
0
0
0
0
0
0
0
0
0
0
0
0
0
0
0
0
0
0
0
0
0
0
0
0
0
0
0
0
0
0
0
0
0
0
0
0
0
0
0
0
0
0
0
0
0
0
0
0
0
0
0
0
0
0
0
0
0
0
0
0
0
0
0
0
0
0
0
0
0
0
0
0
0
0
0
0
0
0
0
0
0
0
0
0
0
0
0
0
0
0
0
0
0
0
0
0
0
0
0
0
0
0
0
0
0
0
0
0
0
0
0
0
0
0
0
0
0
0
0
0
0
0
0
0
0
0
0
0
0
0
0
0
0
0
0
0
0
0
0
0
0
0
0
0
0
0
0
0
0
0
0
0
0
0
0
0
0
0
0
0
0
0
0
0
0
0
0
0
0
0
0
0
0
0
0
0
0
0
0
0
0
0
0
0
0
0
0
0
0
0
0
0
0
0
0
0
0
0
0
0
0
0
0
0
0
0
0
0
0
0
0
0
0
0
0
0
0
0
0
0
0
0
0
0
0
0
0
0
0
0
0
0
0
0
0
0
0
0
0
0
0
0
0
0
0
0
0
0
0
0
0
0
0
0
0
0
0
0
0
0
0
0
0
0
0
0
0
0
0
0
0
0
0
0
0
0
0
0
0
0
0
0
0
0
0
0
0
0
0
0
0
0
0
0
0
0
0
0
0
0
0
0
0
0
0
0
0
0
0
0
0
1
1
1
1
1
1
1
1
1
1
1
1
1
1
1
1
1
1
1
1
1
1
1
1
1
1
1
1
1
1
1
1
1
1
1
1
1
1
0
0
0
0
0
0
0
0
0
0
0
0
0
0
0
0
0
0
0
0
0
0
0
0
0
0
0
0
0
0
0
0
0
0
0
0
1
1
1
1
1
1
1
1
1
1
1
1
1
1
1
1
1
1
1
1
1
1
1
1
1
1
1
1
1
1
1
1
1
1
1
1
1
1
1
1
1
1
1
1
1
1
1
1
1
1
1
1
1
1
1
1
1
1
1
1
1
1
1
1
1
1
1
1
1
1
1
1
1
1
1
1
1
1
1
1
1
1
1
1
1
1
1
1
1
1
1
1
1
1
1
1
1
1
1
1
1
1
1
1
1
1
1
1
1
1
1
1
1
1
1
1
1
1
1
1
1
1
1
1
1
1
1
1
1
1
1
1
1
1
1
1
1
1
1
1
1
1
1
1
1
1
