sameple id : 0
t1 = [0, 15.487193822860718, 15.683100938796997, 15.878493070602417, 16.064424991607666, 20.076358795166016, 24.00796890258789, 28.121512413024902, 32.092976331710815, 36.028019189834595, 40.05075168609619, 44.00791597366333, 48.136171102523804, 52.15798544883728, 56.07329607009888, 60.1044557094574, 64.02937150001526, 68.06846857070923, 72.07525539398193, 76.10750269889832, 80.03710532188416, 84.00918936729431, 88.06490468978882, 92.03333234786987, 96.09411334991455, 100.07784676551819, 104.01356339454651, 108.14663290977478, 112.01644229888916, 116.11769127845764, 120.16204237937927, 130.021737575531, 130.20704579353333] 
q1 = [0.6853707414829658, 0.6853707414829658, 0.6853707414829658, 0.6853707414829658, 0.6853707414829658, 0.68937875751503, 0.6927710843373494, 0.6942482341069627, 0.6977687626774848, 0.7006109979633401, 0.706243602865916, 0.7084188911704311, 0.7134020618556702, 0.7176835573940021, 0.7204968944099379, 0.7206645898234684, 0.7229166666666667, 0.7287958115183246, 0.7341772151898733, 0.7398720682302771, 0.7438370846730977, 0.7462365591397849, 0.7529665587918015, 0.7567567567567567, 0.7565217391304346, 0.7628415300546447, 0.7641921397379914, 0.7705817782656421, 0.7692307692307693, 0.7743362831858407, 0.7765486725663717, 0.7765486725663717, 0.7765486725663717] 
t2 = [0, 4.141545057296753, 8.051857233047485, 12.158257007598877, 16.3178973197937, 20.4456844329834, 24.069976091384888, 28.015541076660156, 32.20526647567749, 36.25305938720703, 40.4118275642395, 44.14656472206116, 48.01362609863281, 52.02186918258667, 56.02536964416504, 60.078837633132935, 64.0180675983429, 68.0370032787323, 72.03543734550476, 76.15509128570557, 80.14075541496277, 84.12744975090027, 88.27308917045593, 92.06974577903748, 96.1324725151062, 100.47506904602051, 104.02895617485046, 108.36013555526733, 112.15504145622253, 116.24197793006897] 
q2 = [0.6853707414829658, 0.6853707414829658, 0.6853707414829658, 0.6866866866866866, 0.6886886886886886, 0.6900702106318956, 0.6920762286860581, 0.6934673366834171, 0.6940822467402207, 0.6947791164658635, 0.6961770623742455, 0.6975806451612904, 0.6996966632962589, 0.7004048582995951, 0.7032520325203251, 0.7032520325203251, 0.7039674465920651, 0.7068437180796732, 0.7068437180796732, 0.7082906857727738, 0.7097435897435898, 0.7097435897435898, 0.7123848515864891, 0.7131147540983607, 0.7158974358974359, 0.7166324435318275, 0.7181069958847737, 0.7203302373581011, 0.7210743801652892, 0.7237113402061855] 
t3 = [0, 4.036531448364258, 8.01276183128357, 12.007907390594482, 16.10029697418213, 20.044804573059082, 24.02579140663147, 28.066285610198975, 32.03894329071045, 36.04069185256958, 58.8022825717926, 65.64731955528259, 68.28680276870728, 69.29394388198853, 69.81802988052368, 70.37340974807739, 70.92087888717651, 71.43084788322449, 72.58170056343079, 76.13730216026306, 80.3857786655426, 84.02037739753723, 88.19684982299805, 92.26095294952393, 96.32202863693237, 100.4091408252716, 104.480309009552, 108.14784216880798, 113.03301501274109, 116.77397418022156, 120.37483739852905] 
q3 = [0.6853707414829658, 0.6930894308943089, 0.6987704918032788, 0.7167019027484144, 0.7282491944146079, 0.7382256297918949, 0.769406392694064, 0.8014268727705114, 0.829210836277974, 0.8379629629629629, 0.8392246294184721, 0.8392246294184721, 0.8392246294184721, 0.8392246294184721, 0.8392246294184721, 0.8392246294184721, 0.8392246294184721, 0.8392246294184721, 0.8392246294184721, 0.8392246294184721, 0.8392246294184721, 0.8392246294184721, 0.8392246294184721, 0.8392246294184721, 0.8392246294184721, 0.8392246294184721, 0.8392246294184721, 0.8392246294184721, 0.8392246294184721, 0.8392246294184721, 0.8392246294184721] 
sameple id : 1
t1 = [0, 4.135791540145874, 8.10738492012024, 12.060313940048218, 16.115273237228394, 20.03289246559143, 24.115827322006226, 28.18020749092102, 32.08979916572571, 36.06167793273926, 40.08137774467468, 44.01404523849487, 48.138906478881836, 52.079123735427856, 56.101698875427246, 60.120256662368774, 64.00563025474548, 68.12752962112427, 72.09202456474304, 76.15494060516357, 80.16962718963623, 84.07587599754333, 88.07072019577026, 92.02118277549744, 96.46699595451355, 100.14085149765015, 104.07142639160156, 108.07451939582825, 112.06184124946594, 116.04667782783508, 120.0083327293396] 
q1 = [0.6800804828973843, 0.6807228915662651, 0.6841046277665995, 0.6855409504550051, 0.6903553299492385, 0.6931702344546382, 0.6980552712384852, 0.6994871794871794, 0.7037037037037037, 0.7079463364293085, 0.7073422957600827, 0.711018711018711, 0.7174139728884253, 0.7217573221757322, 0.7257383966244726, 0.7290116896918172, 0.734475374732334, 0.740343347639485, 0.7446351931330473, 0.7459807073954984, 0.747323340471092, 0.7508090614886731, 0.7567567567567568, 0.7608695652173912, 0.7655398037077425, 0.7710843373493975, 0.7739801543550165, 0.7751937984496124, 0.7839643652561247, 0.7865921787709498, 0.7892976588628762] 
t2 = [0, 4.3609302043914795, 8.307212114334106, 12.000433444976807, 16.276254892349243, 20.05408763885498, 24.426894903182983, 28.21962308883667, 32.378185749053955, 36.3498330116272, 40.360732078552246, 44.109588623046875, 48.09067106246948, 52.228501319885254, 56.139780044555664, 60.08940148353577, 64.07458186149597, 68.2043468952179, 72.32058596611023, 76.87888503074646, 80.21928381919861, 84.38122749328613, 88.46974802017212, 92.0922589302063, 96.03247570991516, 100.1108067035675, 104.20364236831665, 108.27007961273193, 112.45358848571777, 116.09881162643433] 
q2 = [0.6800804828973843, 0.6800804828973843, 0.6814070351758794, 0.6807228915662651, 0.6807228915662651, 0.6834170854271356, 0.6841046277665995, 0.6854838709677419, 0.6861755802219979, 0.6855409504550051, 0.6895854398382204, 0.6895854398382204, 0.689655172413793, 0.6910569105691056, 0.6924643584521384, 0.6952089704383282, 0.6979591836734694, 0.6986721144024515, 0.6993865030674847, 0.7008196721311476, 0.7015384615384614, 0.7015384615384614, 0.7037037037037037, 0.7044284243048404, 0.7051546391752578, 0.7051546391752578, 0.7085478887744593, 0.7100103199174408, 0.7120743034055727, 0.7120743034055727] 
t3 = [0, 4.01109504699707, 8.04302453994751, 12.02468204498291, 16.04513120651245, 20.01073384284973, 24.0113422870636, 28.002621173858643, 32.00951433181763, 45.70555257797241, 46.220404624938965, 46.728721618652344, 48.1617796421051, 52.405476093292236, 56.22889852523804, 60.248916149139404, 64.24740409851074, 68.02937579154968, 72.14327788352966, 76.05164933204651, 80.0281252861023, 84.00394916534424, 88.00316429138184, 92.13873291015625, 96.11958575248718, 100.11961197853088, 104.3503885269165, 108.35911822319031, 112.2304584980011, 116.06088542938232, 120.13315629959106] 
q3 = [0.6800804828973843, 0.6836215666327569, 0.6934984520123839, 0.7103594080338267, 0.7272727272727274, 0.7422222222222221, 0.7749419953596288, 0.8101571946795647, 0.8434285714285714, 0.8490990990990991, 0.8490990990990991, 0.8490990990990991, 0.8490990990990991, 0.8490990990990991, 0.8490990990990991, 0.8490990990990991, 0.8490990990990991, 0.8490990990990991, 0.8490990990990991, 0.8490990990990991, 0.8490990990990991, 0.8490990990990991, 0.8490990990990991, 0.8490990990990991, 0.8490990990990991, 0.8490990990990991, 0.8490990990990991, 0.8490990990990991, 0.8490990990990991, 0.8490990990990991, 0.8490990990990991] 
sameple id : 2
t1 = [0, 4.050119161605835, 8.146971702575684, 12.05679726600647, 16.132614374160767, 20.06325936317444, 24.0164954662323, 28.115112781524658, 32.04724168777466, 36.13947796821594, 40.064892292022705, 44.14592003822327, 48.09018135070801, 52.025113582611084, 56.144015073776245, 60.09314274787903, 64.0636830329895, 68.07692694664001, 72.04337215423584, 76.0198802947998, 80.14983177185059, 84.05607604980469, 88.09575533866882, 92.1450400352478, 96.13513326644897, 100.16798758506775, 104.12230372428894, 108.13048577308655, 112.10593032836914, 116.06866478919983, 120.05023312568665] 
q1 = [0.676737160120846, 0.6787512588116819, 0.6828282828282828, 0.6842639593908629, 0.6897253306205493, 0.6926229508196721, 0.6969072164948453, 0.6997929606625259, 0.7040498442367601, 0.7084639498432602, 0.7085953878406708, 0.7123287671232877, 0.7139830508474576, 0.7171824973319104, 0.7187165775401069, 0.723952738990333, 0.7255113024757803, 0.7235421166306696, 0.7278617710583153, 0.732824427480916, 0.7379912663755458, 0.7436743674367436, 0.7502774694783574, 0.7527839643652562, 0.7553072625698324, 0.7623318385650224, 0.7688838782412626, 0.7746319365798414, 0.7763904653802496, 0.782212086659065, 0.776255707762557] 
t2 = [0, 4.286134958267212, 8.02025032043457, 12.072879314422607, 16.045178651809692, 20.01309871673584, 24.431243658065796, 28.009320497512817, 32.18812942504883, 36.08997464179993, 40.26177763938904, 44.031349658966064, 48.02960705757141, 52.39508390426636, 56.14969873428345, 60.05451536178589, 64.27082991600037, 68.34338879585266, 72.02984619140625, 76.10457992553711, 80.22792840003967, 84.04952549934387, 88.37131667137146, 92.08051204681396, 96.16877007484436, 100.13206648826599, 104.3242461681366, 108.04431700706482, 112.02351999282837, 116.68272733688354] 
q2 = [0.676737160120846, 0.6774193548387097, 0.6787512588116819, 0.6780684104627767, 0.6828282828282828, 0.6842105263157895, 0.6862944162436548, 0.6883248730964466, 0.6897253306205493, 0.6910569105691057, 0.6930894308943089, 0.6937945066124109, 0.6952089704383283, 0.6972477064220184, 0.6986721144024516, 0.7001023541453428, 0.7015384615384616, 0.702258726899384, 0.7051546391752577, 0.7058823529411766, 0.7073422957600828, 0.7080745341614907, 0.7110187110187112, 0.7110187110187112, 0.7138397502601457, 0.7145833333333333, 0.7153284671532848, 0.7168234064785789, 0.7189132706374086, 0.7211740041928723] 
t3 = [0, 4.0408124923706055, 8.032989025115967, 12.032988548278809, 16.018584966659546, 20.040884017944336, 24.026972770690918, 28.03445839881897, 32.00677728652954, 42.732694149017334, 43.18283128738403, 44.099609375, 48.206305265426636, 52.26879096031189, 56.32872414588928, 60.35475134849548, 64.06981706619263, 68.11512613296509, 72.69012570381165, 76.09957909584045, 80.49023795127869, 84.23281383514404, 88.18440198898315, 92.03823471069336, 96.04410815238953, 100.15588092803955, 104.36342763900757, 108.06117033958435, 112.1164321899414, 116.06916975975037, 120.13708424568176] 
q3 = [0.676737160120846, 0.6871165644171779, 0.6949327817993796, 0.7074973600844774, 0.7258938244853738, 0.7405764966740577, 0.7722543352601157, 0.8019207683073228, 0.8444444444444444, 0.8446490218642116, 0.8446490218642116, 0.8446490218642116, 0.8446490218642116, 0.8446490218642116, 0.8446490218642116, 0.8446490218642116, 0.8446490218642116, 0.8446490218642116, 0.8446490218642116, 0.8446490218642116, 0.8446490218642116, 0.8446490218642116, 0.8446490218642116, 0.8369441277080958, 0.8446490218642116, 0.8369441277080958, 0.8369441277080958, 0.8369441277080958, 0.8369441277080958, 0.8369441277080958, 0.8369441277080958] 
sameple id : 3
t1 = [0, 4.072988748550415, 8.14736008644104, 12.07876992225647, 16.045652866363525, 20.1331307888031, 24.145802974700928, 28.10808777809143, 32.05288052558899, 36.13823437690735, 40.09063506126404, 44.07386827468872, 48.038233280181885, 52.121824502944946, 56.15919518470764, 60.02998495101929, 64.10895228385925, 68.03738260269165, 72.01978373527527, 76.03137373924255, 80.05160641670227, 84.11712098121643, 88.0194628238678, 92.04954671859741, 96.13174605369568, 100.1465654373169, 104.10058879852295, 108.02534914016724, 112.0458300113678, 116.03068161010742, 120.02656984329224] 
q1 = [0.6585365853658537, 0.659206510681587, 0.6612244897959184, 0.6652977412731006, 0.6701244813278009, 0.6729362591431558, 0.6771488469601677, 0.68, 0.6863780359028511, 0.6878980891719745, 0.6894343649946638, 0.6930481283422459, 0.697524219590958, 0.7028199566160521, 0.7066521264994547, 0.7097480832420592, 0.7136563876651983, 0.7196467991169978, 0.7218543046357615, 0.7218543046357615, 0.7282850779510022, 0.7329608938547485, 0.740990990990991, 0.7457627118644068, 0.7491486946651532, 0.7551020408163266, 0.7562642369020501, 0.7634285714285713, 0.7683486238532111, 0.7727797001153403, 0.7790697674418605] 
t2 = [0, 4.021069765090942, 8.421638250350952, 12.104753494262695, 16.05551266670227, 20.006706953048706, 24.180634260177612, 28.1445791721344, 32.41088819503784, 36.34472370147705, 40.24621653556824, 44.177419662475586, 48.0365686416626, 52.20552349090576, 56.14916157722473, 60.15030908584595, 64.09632778167725, 68.00686287879944, 72.13739323616028, 76.01916193962097, 80.35356211662292, 84.48525857925415, 88.41110157966614, 92.4550154209137, 96.44257688522339, 100.32213521003723, 104.36630868911743, 108.13272738456726, 112.10984373092651, 116.29409265518188] 
q2 = [0.6585365853658537, 0.659206510681587, 0.659206510681587, 0.659877800407332, 0.6618998978549541, 0.6632548618219036, 0.6632548618219036, 0.6639344262295082, 0.6652977412731006, 0.6666666666666667, 0.6666666666666667, 0.668041237113402, 0.6694214876033059, 0.6701137538779731, 0.6721991701244814, 0.67570385818561, 0.677115987460815, 0.6778242677824268, 0.679245283018868, 0.6806722689075629, 0.6821052631578948, 0.6828240252897787, 0.6856540084388186, 0.6877637130801687, 0.6870389884088515, 0.6877637130801687, 0.6892177589852009, 0.6914103923647932, 0.6927966101694915, 0.6956521739130436] 
t3 = [0, 4.01539421081543, 8.035295009613037, 12.006885528564453, 16.04423689842224, 20.030434370040894, 24.061447858810425, 28.029170274734497, 32.00494408607483, 36.0078125, 40.30956792831421, 44.59276866912842, 48.189505100250244, 52.17784380912781, 56.43688607215881, 60.19693207740784, 64.09358286857605, 68.0027859210968, 72.34737062454224, 76.34530782699585, 80.2327561378479, 84.08956217765808, 88.02009844779968, 92.10634064674377, 96.01538300514221, 100.31566834449768, 104.27244257926941, 108.28916907310486, 112.1260552406311, 116.07516741752625, 120.29458451271057] 
q3 = [0.6585365853658537, 0.6687306501547987, 0.679245283018868, 0.7005405405405405, 0.712087912087912, 0.7252252252252253, 0.7594339622641509, 0.7796610169491526, 0.8277511961722488, 0.8333333333333333, 0.8337236533957847, 0.8337236533957847, 0.8337236533957847, 0.8337236533957847, 0.8337236533957847, 0.8337236533957847, 0.8337236533957847, 0.8337236533957847, 0.8273464658169177, 0.8273464658169177, 0.8273464658169177, 0.8273464658169177, 0.8273464658169177, 0.8273464658169177, 0.8273464658169177, 0.8273464658169177, 0.8273464658169177, 0.8273464658169177, 0.8273464658169177, 0.8273464658169177, 0.8273464658169177] 
sameple id : 4
t1 = [0, 4.031897306442261, 8.046496391296387, 12.074137687683105, 16.142531871795654, 20.07112956047058, 24.025094032287598, 28.008002996444702, 32.083157777786255, 36.09638595581055, 40.10475206375122, 44.10197305679321, 48.09223556518555, 52.103015422821045, 56.00335454940796, 60.10359787940979, 64.12473607063293, 68.09582328796387, 72.05377674102783, 76.11869931221008, 80.10189509391785, 84.15423893928528, 88.11770176887512, 92.07411813735962, 96.0183732509613, 100.04527831077576, 104.14243936538696, 108.14455771446228, 112.08849120140076, 116.00315189361572, 120.03422546386719] 
q1 = [0.6958250497017894, 0.6978131212723658, 0.7032967032967032, 0.7074148296593186, 0.7127127127127127, 0.717741935483871, 0.7221095334685599, 0.7237512742099899, 0.7295081967213114, 0.7310061601642711, 0.734020618556701, 0.7383660806618406, 0.743509865005192, 0.7505241090146749, 0.7523709167544784, 0.7597883597883599, 0.7627118644067797, 0.7643312101910829, 0.7667731629392971, 0.7703862660944207, 0.7775377969762419, 0.7869565217391304, 0.7882096069868996, 0.789071038251366, 0.7938596491228069, 0.7960526315789473, 0.801762114537445, 0.8093126385809313, 0.8169642857142857, 0.820627802690583, 0.8215488215488215] 
t2 = [0, 4.364597797393799, 8.422246932983398, 12.39090895652771, 16.16927433013916, 20.08616852760315, 24.106486082077026, 28.2193763256073, 32.24564528465271, 36.20888161659241, 40.0851674079895, 44.01020312309265, 48.0504469871521, 52.148908376693726, 56.12532091140747, 60.37829613685608, 64.32199168205261, 68.33780765533447, 72.16293692588806, 76.66740202903748, 81.4758870601654, 84.23180747032166, 88.53457355499268, 92.42177271842957, 96.35285329818726, 100.32802081108093, 105.8521888256073, 108.13704586029053, 112.2536609172821, 116.00374865531921] 
q2 = [0.6958250497017894, 0.6958250497017894, 0.6978131212723658, 0.6999002991026919, 0.7012987012987013, 0.7027027027027026, 0.7034068136272545, 0.7054108216432865, 0.7054108216432865, 0.7075376884422111, 0.7095477386934673, 0.7129909365558913, 0.7137096774193548, 0.7157258064516129, 0.717741935483871, 0.7184661957618568, 0.720484359233098, 0.7226720647773279, 0.7241379310344828, 0.7241379310344828, 0.725609756097561, 0.7263479145473042, 0.7263479145473042, 0.7263479145473042, 0.7285714285714286, 0.72782874617737, 0.72782874617737, 0.7293156281920326, 0.7306122448979592, 0.7306122448979592] 
t3 = [0, 4.017589092254639, 8.020617008209229, 12.005979537963867, 16.015002727508545, 20.03512167930603, 24.01437783241272, 28.030030012130737, 34.37195014953613, 36.138373374938965, 40.315025806427, 44.3573317527771, 48.326950788497925, 52.25844097137451, 56.350743770599365, 60.40040993690491, 64.08648085594177, 68.1232099533081, 72.16497826576233, 76.12546467781067, 80.10662579536438, 84.07021164894104, 88.11729145050049, 92.127605676651, 96.33664083480835, 100.05796575546265, 104.10709166526794, 108.42561268806458, 112.12008953094482, 116.13173031806946, 120.12075448036194] 
q3 = [0.6958250497017894, 0.7009063444108761, 0.7109295199182839, 0.7289915966386554, 0.7462365591397849, 0.7723214285714286, 0.8131609870740305, 0.8558139534883721, 0.859090909090909, 0.859090909090909, 0.859090909090909, 0.859090909090909, 0.859090909090909, 0.859090909090909, 0.859090909090909, 0.859090909090909, 0.859090909090909, 0.859090909090909, 0.859090909090909, 0.859090909090909, 0.859090909090909, 0.859090909090909, 0.859090909090909, 0.859090909090909, 0.859090909090909, 0.859090909090909, 0.859090909090909, 0.859090909090909, 0.859090909090909, 0.8513513513513513, 0.8513513513513513] 
sameple id : 5
t1 = [0, 8.159961938858032, 8.330258131027222, 12.036258220672607, 16.019087314605713, 20.053739547729492, 24.046535968780518, 28.157958984375, 32.08117866516113, 36.144163846969604, 40.03369688987732, 44.11647057533264, 48.041908264160156, 52.01948380470276, 56.005714654922485, 60.02648663520813, 64.06415367126465, 68.07336759567261, 72.02746367454529, 76.12944316864014, 80.04514384269714, 84.11273670196533, 88.1077127456665, 92.11459255218506, 96.1341700553894, 100.08015537261963, 104.15625810623169, 108.1853380203247, 112.09517359733582, 116.01226568222046, 120.10383915901184] 
q1 = [0.6753507014028057, 0.6753507014028057, 0.6753507014028057, 0.6773547094188377, 0.6787512588116819, 0.6841574167507568, 0.6902834008097166, 0.6960081883316274, 0.700205338809035, 0.7045454545454546, 0.7052740434332989, 0.7053941908713692, 0.7069864442127215, 0.7135362014690451, 0.7180570221752904, 0.7234042553191489, 0.7259100642398286, 0.728249194414608, 0.7319698600645858, 0.7372972972972973, 0.7386609071274297, 0.7370689655172414, 0.7434782608695651, 0.7472766884531591, 0.7552140504939628, 0.7588495575221239, 0.7613762486126526, 0.7666666666666666, 0.7700892857142856, 0.7749160134378499, 0.7815315315315314] 
t2 = [0, 4.125122547149658, 8.098071575164795, 12.169603824615479, 16.188344478607178, 20.319833040237427, 24.175347566604614, 28.019002437591553, 32.00041890144348, 36.259207010269165, 40.012901067733765, 44.372684478759766, 48.123392820358276, 52.07067918777466, 56.350762367248535, 60.06675171852112, 64.0466856956482, 68.1022400856018, 72.08816337585449, 76.30648231506348, 80.06757998466492, 84.01024198532104, 88.17528343200684, 92.07595992088318, 96.21252036094666, 100.08967852592468, 104.3268084526062, 108.17626547813416, 112.15454649925232, 116.36176061630249] 
q2 = [0.6753507014028057, 0.6753507014028057, 0.6760280842527583, 0.678714859437751, 0.6793969849246231, 0.6800804828973843, 0.6827794561933533, 0.6834677419354839, 0.686175580221998, 0.686175580221998, 0.6881937436932392, 0.6902834008097166, 0.6916076845298281, 0.6943319838056681, 0.6950354609929078, 0.6977687626774848, 0.6971544715447154, 0.7000000000000001, 0.7021494370522007, 0.7035897435897436, 0.7057613168724279, 0.7057613168724279, 0.7078189300411523, 0.7098765432098765, 0.7112024665981501, 0.7126673532440783, 0.7148760330578512, 0.7185877466251297, 0.7185877466251297, 0.7214137214137214] 
t3 = [0, 4.008721351623535, 8.014064073562622, 12.016470670700073, 16.013368368148804, 20.007391929626465, 24.02278971672058, 28.01221203804016, 44.67129325866699, 49.32080626487732, 49.887410402297974, 50.56255841255188, 51.06937122344971, 52.17305135726929, 56.47935938835144, 60.14156532287598, 64.1245768070221, 68.34500765800476, 72.44357228279114, 76.22963285446167, 80.0742974281311, 84.45068287849426, 88.2911524772644, 92.16523551940918, 96.2377188205719, 100.01908373832703, 104.10940957069397, 108.0996675491333, 112.15946555137634, 116.35889530181885, 120.11326003074646] 
q3 = [0.6753507014028057, 0.6815415821501014, 0.6920700308959835, 0.7152034261241971, 0.7316538882803941, 0.7672811059907834, 0.8151774785801714, 0.8460634547591069, 0.8531139835487662, 0.8531139835487662, 0.8531139835487662, 0.8531139835487662, 0.8531139835487662, 0.8531139835487662, 0.8531139835487662, 0.8531139835487662, 0.8531139835487662, 0.8531139835487662, 0.8531139835487662, 0.8531139835487662, 0.845528455284553, 0.845528455284553, 0.845528455284553, 0.845528455284553, 0.845528455284553, 0.845528455284553, 0.845528455284553, 0.845528455284553, 0.845528455284553, 0.845528455284553, 0.845528455284553] 
sameple id : 6
t1 = [0, 4.0755414962768555, 8.0084388256073, 12.142797708511353, 16.113072156906128, 20.034427881240845, 24.15998673439026, 28.001157522201538, 32.02985453605652, 36.123358964920044, 40.00046396255493, 44.082963943481445, 48.137770891189575, 52.12803339958191, 56.148881673812866, 60.087565660476685, 64.03165555000305, 68.07823038101196, 72.13086724281311, 76.08203172683716, 80.0195472240448, 84.08273506164551, 88.00740432739258, 92.0720694065094, 96.1330029964447, 100.06992840766907, 104.030601978302, 108.13521122932434, 112.12683701515198, 116.09811973571777, 120.83948302268982] 
q1 = [0.6774847870182555, 0.6781725888324872, 0.680244399185336, 0.6843718079673136, 0.6885245901639345, 0.6921487603305785, 0.6964656964656964, 0.6993736951983299, 0.7050209205020921, 0.7066246056782334, 0.708113804004215, 0.7109704641350211, 0.7147401908801697, 0.721030042918455, 0.7219827586206896, 0.7243243243243244, 0.7272727272727274, 0.7310195227765727, 0.7342047930283224, 0.7360350492880614, 0.7436743674367436, 0.75, 0.7589285714285715, 0.7609427609427609, 0.7654320987654321, 0.7671541057367829, 0.7765237020316027, 0.7800453514739228, 0.7849829351535836, 0.7876712328767124, 0.7871853546910755] 
t2 = [0, 4.368754148483276, 8.102781295776367, 12.064785718917847, 16.23610258102417, 20.061378717422485, 24.03873920440674, 28.25930142402649, 32.0094039440155, 36.01055932044983, 40.17586159706116, 44.38316607475281, 48.12603950500488, 52.161235332489014, 56.38217067718506, 60.08111882209778, 64.04873323440552, 68.24803972244263, 72.05362558364868, 76.07677149772644, 80.22975540161133, 84.36253929138184, 88.10282564163208, 92.04329133033752, 96.30810809135437, 100.05475616455078, 104.12591075897217, 108.35139155387878, 112.09752249717712, 116.14841842651367] 
q2 = [0.6774847870182555, 0.6781725888324872, 0.6781725888324872, 0.680244399185336, 0.6823289070480082, 0.6823770491803278, 0.6857727737973388, 0.6857727737973388, 0.6899383983572897, 0.6927029804727646, 0.6941297631307931, 0.6982492276004119, 0.6996904024767803, 0.7025906735751296, 0.7047817047817049, 0.7055150884495318, 0.7055150884495318, 0.7069864442127216, 0.7084639498432601, 0.7077244258872651, 0.7092050209205022, 0.7092050209205022, 0.7114375655823715, 0.7129337539432178, 0.715036803364879, 0.7172995780590717, 0.72, 0.7207586933614332, 0.7215189873417721, 0.7245762711864406] 
t3 = [0, 4.022442102432251, 8.0169997215271, 12.012592077255249, 16.010700941085815, 20.02402901649475, 26.6480073928833, 28.436285734176636, 32.283262968063354, 36.198023080825806, 40.079822063446045, 44.403857469558716, 48.24114394187927, 52.13969278335571, 56.39127254486084, 60.24333047866821, 64.0576183795929, 68.0673303604126, 72.06828880310059, 76.06629085540771, 80.34660959243774, 84.20267367362976, 88.13042330741882, 92.03696274757385, 96.07612705230713, 100.15792512893677, 104.05070900917053, 108.39368224143982, 112.26164436340332, 116.12298226356506, 120.36807942390442] 
q3 = [0.6774847870182555, 0.6872427983539096, 0.7101604278074867, 0.7290748898678413, 0.7806603773584905, 0.8537170263788968, 0.8521536670547147, 0.8521536670547147, 0.8521536670547147, 0.8521536670547147, 0.8465974625144175, 0.8465974625144175, 0.8465974625144175, 0.8465974625144175, 0.8465974625144175, 0.8465974625144175, 0.8465974625144175, 0.8465974625144175, 0.8465974625144175, 0.8465974625144175, 0.8465974625144175, 0.8465974625144175, 0.8465974625144175, 0.8465974625144175, 0.8465974625144175, 0.8465974625144175, 0.8465974625144175, 0.8465974625144175, 0.8465974625144175, 0.8465974625144175, 0.8465974625144175] 
sameple id : 7
t1 = [0, 27.046904802322388, 27.218424797058105, 27.3871488571167, 27.56780171394348, 27.74701976776123, 27.936986684799194, 28.106509685516357, 32.03257751464844, 36.03661370277405, 40.13620662689209, 44.14748787879944, 48.150922536849976, 52.008904218673706, 56.0983464717865, 60.16630673408508, 64.01635456085205, 68.14980721473694, 72.05921220779419, 76.01278805732727, 80.04957318305969, 84.15409135818481, 88.1147894859314, 92.12815189361572, 96.12784504890442, 100.12297821044922, 104.14975547790527, 108.08340692520142, 112.16299700737, 116.21921372413635, 120.01419615745544, 124.11178612709045] 
q1 = [0.6844708209693374, 0.6844708209693374, 0.6844708209693374, 0.6844708209693374, 0.6844708209693374, 0.6844708209693374, 0.6844708209693374, 0.6844708209693374, 0.6858275520317145, 0.6859421734795612, 0.6880000000000001, 0.6913827655310623, 0.6928499496475327, 0.6990881458966565, 0.7026476578411404, 0.7075664621676891, 0.7097435897435898, 0.7126673532440781, 0.7142857142857142, 0.7187500000000001, 0.7225130890052355, 0.7284210526315791, 0.7301587301587301, 0.7332624867162593, 0.7361702127659574, 0.7398720682302772, 0.7414529914529914, 0.7446351931330472, 0.7464940668824165, 0.75, 0.7551686615886832, 0.7551686615886832] 
t2 = [0, 4.197858095169067, 8.425876140594482, 12.029219388961792, 16.18936777114868, 20.25747036933899, 24.474844932556152, 28.368762493133545, 32.15749740600586, 36.015596866607666, 40.148051500320435, 44.30137062072754, 48.5839204788208, 52.07009291648865, 56.08638954162598, 60.044702768325806, 64.0495297908783, 68.45845413208008, 72.28353571891785, 76.26917958259583, 80.19248628616333, 84.02491092681885, 88.01759314537048, 92.38857364654541, 96.40722966194153, 100.38687872886658, 104.19375920295715, 108.01344847679138, 112.02672839164734, 116.06086444854736] 
q2 = [0.6844708209693374, 0.6844708209693374, 0.6831683168316831, 0.6844708209693374, 0.6858275520317145, 0.6878727634194831, 0.6885572139303483, 0.6906187624750499, 0.6920000000000001, 0.6920000000000001, 0.6926926926926927, 0.6961770623742455, 0.6961770623742455, 0.6994974874371859, 0.7023208879919274, 0.703030303030303, 0.7044534412955465, 0.7051671732522797, 0.7065989847715736, 0.7073170731707318, 0.7087576374745418, 0.710204081632653, 0.7129724208375894, 0.7157464212678936, 0.7150153217568948, 0.7172131147540984, 0.7186858316221766, 0.7209062821833161, 0.7242798353909464, 0.7257731958762886] 
t3 = [0, 4.027462482452393, 8.01926875114441, 12.001853704452515, 16.00538682937622, 20.027957439422607, 24.013771057128906, 28.001288414001465, 50.97535228729248, 54.57400131225586, 58.73893117904663, 61.980393171310425, 66.991051197052, 68.8369243144989, 69.37566113471985, 70.38113713264465, 73.47112917900085, 77.57911109924316, 82.48963117599487, 84.84550213813782, 87.05139517784119, 91.19632720947266, 94.47065138816833, 95.8603253364563, 99.2983341217041, 101.38818717002869, 105.83770418167114, 109.02437210083008, 114.04100584983826, 116.36946368217468, 120.6974868774414] 
q3 = [0.6844708209693374, 0.6906906906906907, 0.703476482617587, 0.7303609341825903, 0.7543859649122807, 0.7953757225433525, 0.8289156626506023, 0.8594657375145179, 0.8564814814814815, 0.8564814814814815, 0.8564814814814815, 0.8564814814814815, 0.8564814814814815, 0.8564814814814815, 0.8564814814814815, 0.8564814814814815, 0.8564814814814815, 0.8564814814814815, 0.8564814814814815, 0.8564814814814815, 0.8564814814814815, 0.8564814814814815, 0.8564814814814815, 0.8564814814814815, 0.8564814814814815, 0.8564814814814815, 0.8564814814814815, 0.8564814814814815, 0.8564814814814815, 0.8564814814814815, 0.8564814814814815] 
sameple id : 8
t1 = [0, 4.144098281860352, 8.101741075515747, 12.139231204986572, 16.017011404037476, 20.021748542785645, 24.142261743545532, 28.08856964111328, 32.077510833740234, 36.01806640625, 40.160770654678345, 44.124738931655884, 48.11725425720215, 52.02238583564758, 56.07706546783447, 60.05410885810852, 64.01497173309326, 68.09809827804565, 72.03132796287537, 76.08326196670532, 80.00304770469666, 84.06162714958191, 88.1236834526062, 92.03252077102661, 96.09195041656494, 100.19314408302307, 104.1198959350586, 108.00110363960266, 112.13478255271912, 116.0915699005127, 120.01860976219177] 
q1 = [0.6888217522658611, 0.6888217522658611, 0.6948640483383686, 0.6962663975782039, 0.700404858299595, 0.7040816326530612, 0.7082906857727738, 0.7110655737704918, 0.7145790554414784, 0.7167868177136972, 0.7195876288659793, 0.7248182762201453, 0.7276507276507277, 0.7352941176470588, 0.7365079365079366, 0.7404255319148936, 0.7435897435897435, 0.7494646680942185, 0.7508021390374333, 0.7537473233404711, 0.7572815533980582, 0.7613882863340564, 0.7663755458515285, 0.7722772277227723, 0.7765486725663716, 0.780110497237569, 0.7835738068812432, 0.7892976588628763, 0.7928331466965286, 0.798650168728909, 0.8] 
t2 = [0, 4.083221673965454, 8.165344953536987, 12.096139907836914, 16.234631776809692, 20.016432762145996, 24.145336389541626, 28.38215136528015, 32.03295850753784, 36.28214383125305, 40.04957294464111, 44.29633402824402, 48.132164478302, 52.5015070438385, 56.047369956970215, 60.280442237854004, 64.05430030822754, 68.44205641746521, 72.00689744949341, 76.179692029953, 80.40657687187195, 84.39661002159119, 88.00260186195374, 92.00753903388977, 96.09381413459778, 100.0248658657074, 104.08044695854187, 108.40106058120728, 112.00592684745789, 116.20502805709839] 
q2 = [0.6888217522658611, 0.6901408450704225, 0.6901408450704225, 0.6908358509566969, 0.6935483870967741, 0.694949494949495, 0.696969696969697, 0.698989898989899, 0.6996966632962589, 0.6990881458966565, 0.700404858299595, 0.7032520325203251, 0.7032520325203251, 0.7052845528455284, 0.7067209775967415, 0.710204081632653, 0.7116564417177913, 0.7131147540983607, 0.7138461538461539, 0.7145790554414784, 0.7160493827160493, 0.7175257731958762, 0.7167868177136972, 0.7188465499485066, 0.7188465499485066, 0.7201646090534978, 0.7209062821833161, 0.7244582043343654, 0.7257731958762886, 0.7265221878224974] 
t3 = [0, 4.003333330154419, 8.004164934158325, 12.015872716903687, 16.022249698638916, 20.013072729110718, 24.00025224685669, 33.0145366191864, 33.58158349990845, 36.05396580696106, 40.36960554122925, 44.22271752357483, 48.37636351585388, 52.14730453491211, 56.10294151306152, 60.39934849739075, 64.40110945701599, 68.41148734092712, 72.16644930839539, 76.00786209106445, 80.07955384254456, 84.02730011940002, 88.00376009941101, 92.36918425559998, 96.08197140693665, 100.04252362251282, 104.1335232257843, 108.07975554466248, 112.32427906990051, 116.1547019481659, 120.29639410972595] 
q3 = [0.6888217522658611, 0.7023686920700309, 0.7180570221752903, 0.7415485278080698, 0.7655719139297847, 0.8134777376654634, 0.858147713950762, 0.8568102444703143, 0.8568102444703143, 0.8568102444703143, 0.8568102444703143, 0.8568102444703143, 0.8568102444703143, 0.8568102444703143, 0.8568102444703143, 0.8568102444703143, 0.8568102444703143, 0.8489042675893888, 0.8489042675893888, 0.8489042675893888, 0.8489042675893888, 0.8489042675893888, 0.8489042675893888, 0.8489042675893888, 0.8489042675893888, 0.8489042675893888, 0.8489042675893888, 0.8489042675893888, 0.8489042675893888, 0.8489042675893888, 0.8489042675893888] 
sameple id : 9
t1 = [0, 4.150867938995361, 8.048334121704102, 12.0170578956604, 16.08984065055847, 20.010234832763672, 24.113556146621704, 28.011139154434204, 32.06168603897095, 36.08947515487671, 40.0365629196167, 44.00131392478943, 48.044352293014526, 52.050305128097534, 56.06953811645508, 60.04589915275574, 64.26817846298218, 68.09275364875793, 72.03609704971313, 76.09321689605713, 80.02150011062622, 84.0201940536499, 88.0202624797821, 92.1179461479187, 96.0287344455719, 100.0601818561554, 104.01928639411926, 108.04962754249573, 112.07840847969055, 116.1201012134552, 120.06241250038147, 124.32090759277344] 
q1 = [0.6563146997929606, 0.6576763485477177, 0.6603970741901776, 0.6638655462184875, 0.6694648478488983, 0.6744432661717921, 0.680896478121665, 0.6895074946466809, 0.6931330472103004, 0.6982758620689655, 0.7004310344827586, 0.7071583514099784, 0.7110141766630316, 0.7141292442497261, 0.7178924259055981, 0.7238723872387238, 0.7282728272827284, 0.7298787210584344, 0.7290748898678414, 0.732519422863485, 0.7363737486095662, 0.7410714285714286, 0.7466367713004485, 0.7491563554555681, 0.7559055118110237, 0.7576099210822999, 0.7629796839729119, 0.7673098751418842, 0.7758816837315131, 0.7817142857142857, 0.7876004592422502, 0.7876004592422502] 
t2 = [0, 5.865809202194214, 10.117449283599854, 12.839154243469238, 17.303844213485718, 20.383511304855347, 24.587084531784058, 29.00891399383545, 32.8782274723053, 36.778929710388184, 41.19302988052368, 46.013912200927734, 50.84870910644531, 53.90746021270752, 58.496270179748535, 63.208030223846436, 66.34288167953491, 68.3190188407898, 72.27554321289062, 77.56740593910217, 81.70911312103271, 84.82336807250977, 89.45374917984009, 94.0665111541748, 97.20544457435608, 100.60900044441223, 105.46941232681274, 110.15467810630798, 114.94491004943848, 119.5528290271759] 
q2 = [0.6563146997929606, 0.6563146997929606, 0.6563146997929606, 0.6563146997929606, 0.6563146997929606, 0.6563146997929606, 0.6563146997929606, 0.6563146997929606, 0.6569948186528496, 0.6576763485477177, 0.6597510373443984, 0.6604361370716512, 0.6604361370716512, 0.6604361370716512, 0.6611226611226612, 0.6618106139438086, 0.6625, 0.6625, 0.6631908237747655, 0.664576802507837, 0.6659707724425887, 0.6666666666666667, 0.6666666666666667, 0.6666666666666667, 0.6666666666666667, 0.6652719665271967, 0.6666666666666667, 0.6673640167364017, 0.6659685863874345, 0.6673640167364017] 
t3 = [0, 4.0495500564575195, 8.032924890518188, 12.010113000869751, 16.018242120742798, 20.013357162475586, 24.000713109970093, 28.417229175567627, 32.19623136520386, 36.345365047454834, 40.160804271698, 44.46092629432678, 48.3028519153595, 52.203993797302246, 56.427804470062256, 60.203630208969116, 64.40423369407654, 68.06385707855225, 72.11632919311523, 76.0166380405426, 80.13498330116272, 84.318514585495, 88.11058688163757, 92.14289283752441, 96.01658606529236, 100.27322363853455, 104.41397190093994, 108.23218321800232, 112.18485188484192, 116.21513962745667, 120.35726618766785] 
q3 = [0.6563146997929606, 0.6687830687830688, 0.6885245901639344, 0.7046979865771812, 0.7485101311084624, 0.8147208121827412, 0.8443908323281061, 0.8471720818291215, 0.8471720818291215, 0.8414779499404053, 0.8414779499404053, 0.8414779499404053, 0.8414779499404053, 0.8414779499404053, 0.8414779499404053, 0.8414779499404053, 0.8414779499404053, 0.8414779499404053, 0.8414779499404053, 0.8414779499404053, 0.8414779499404053, 0.8414779499404053, 0.8414779499404053, 0.8414779499404053, 0.8414779499404053, 0.8414779499404053, 0.8414779499404053, 0.8414779499404053, 0.8414779499404053, 0.8414779499404053, 0.8414779499404053] 
