[0.73753449]
[0.73753449]
[0.43919131]
[0.73753449]
[0.67114029]
[0.37279712]
[0.59215106]
[0.67114029]
[0.67114029]
[0.37279712]
[0.73753449]
[0.37279712]
[0.59215106]
[0.52575686]
[0.59215106]
[0.73753449]
[0.73753449]
[0.51818054]
[0.59215106]
[0.67114029]
[0.58457474]
[0.73753449]
[0.73753449]
[0.67114029]
[0.37279712]
[0.59215106]
[0.52575686]
[0.67114029]
[0.51818054]
[0.67114029]
[0.73753449]
[0.67114029]
[0.51818054]
[0.59215106]
[0.73753449]
[0.73753449]
[0.73753449]
[0.73753449]
[0.73753449]
[0.58457474]
[0.67114029]
[0.37279712]
[0.59215106]
[0.59215106]
[0.73753449]
[0.73753449]
[0.52575686]
[0.59215106]
[0.67114029]
[0.58457474]
[0.52575686]
[0.73753449]
[0.52575686]
[0.67114029]
[0.59215106]
[0.43919131]
[0.73753449]
[0.37279712]
[0.73753449]
[0.67114029]
[0.58457474]
[0.73753449]
[0.73753449]
[0.67114029]
[0.59215106]
[0.52575686]
[0.73753449]
[0.52575686]
[0.67114029]
[0.67114029]
[0.59215106]
[0.73753449]
[0.59215106]
[0.43919131]
[0.67114029]
[0.59215106]
[0.73753449]
[0.73753449]
[0.52575686]
[0.52575686]
[0.73753449]
[0.43919131]
[0.59215106]
[0.67114029]
[0.67114029]
[0.37279712]
[0.52575686]
[0.51818054]
[0.73753449]
[0.67114029]
[0.67114029]
[0.67114029]
[0.73753449]
[0.52575686]
[0.67114029]
[0.52575686]
[0.37279712]
[0.67114029]
[0.52575686]
[0.43919131]
[0.73753449]
[0.37279712]
[0.37279712]
[0.58457474]
[0.73753449]
[0.67114029]
[0.43919131]
[0.59215106]
[0.59215106]
[0.59215106]
[0.52575686]
[0.51818054]
[0.51818054]
[0.67114029]
[0.73753449]
[0.37279712]
[0.51818054]
[0.73753449]
[0.59215106]
[0.67114029]
[0.73753449]
[0.59215106]
[0.52575686]
[0.58457474]
[0.59215106]
[0.37279712]
[0.73753449]
[0.67114029]
[0.67114029]
[0.52575686]
[0.58457474]
[0.52575686]
[0.51818054]
[0.37279712]
[0.73753449]
[0.52575686]
[0.73753449]
[0.43919131]
[0.52575686]
[0.52575686]
[0.37279712]
[0.73753449]
[0.67114029]
[0.37279712]
[0.51818054]
[0.59215106]
[0.59215106]
[0.37279712]
[0.37279712]
[0.67114029]
[0.37279712]
[0.52575686]
[0.73753449]
[0.51818054]
[0.37279712]
[0.58457474]
[0.37279712]
[0.73753449]
[0.59215106]
[0.59215106]
[0.59215106]
[0.67114029]
[0.67114029]
[0.51818054]
[0.67114029]
[0.58457474]
[0.73753449]
[0.43919131]
[0.73753449]
[0.51818054]
[0.43919131]
[0.59215106]
[0.73753449]
[0.37279712]
[0.73753449]
[0.67114029]
[0.52575686]
[0.59215106]
[0.59215106]
[0.43919131]
[0.59215106]
[0.73753449]
[0.67114029]
[0.43919131]
[0.67114029]
[0.67114029]
[0.67114029]
[0.73753449]
[0.73753449]
[0.51818054]
[0.52575686]
[0.58457474]
[0.59215106]
[0.67114029]
[0.73753449]
[0.73753449]
[0.67114029]
[0.37279712]
[0.52575686]
[0.58457474]
[1.64430937e-33]
[1.48741588e-13]
[2.93945485e-15]
[3.24090365e-25]
[1.40860633e-29]
[6.27841023e-16]
[2.21726491e-06]
[1.69598625e-22]
[3.11794626e-11]
[3.25669251e-27]
[3.73236479e-30]
[2.23927761e-15]
[2.02996975e-14]
[2.37231726e-24]
[1.66257206e-19]
[7.69686102e-26]
[1.18329495e-34]
[1.7382237e-27]
[5.63945247e-36]
[5.08458781e-35]
[5.28087832e-18]
[2.47912183e-29]
[1.76868664e-12]
[2.96163752e-18]
[2.25274695e-09]
[4.1574538e-14]
[7.35182214e-22]
[4.79607339e-28]
[1.08998483e-29]
[1.19480119e-27]
[2.87533782e-32]
[2.03194209e-23]
[1.20683269e-26]
[4.64205185e-27]
[8.22357434e-34]
[1.78511802e-38]
[3.86567146e-27]
[1.46816738e-12]
[3.23621972e-25]
[7.66542855e-33]
[2.22704774e-29]
[3.67832748e-24]
[1.18166351e-31]
[1.30411816e-41]
[2.60053339e-28]
[5.97096471e-31]
[1.19347154e-17]
[2.21493893e-07]
[1.21404215e-21]
[1.24728174e-16]
[6.76034462e-29]
[4.46355138e-25]
[5.37477058e-21]
[5.34255684e-24]
[5.34266977e-10]
[1.05257336e-19]
[1.91445698e-27]
[1.10316621e-26]
[4.23210791e-33]
[1.64530891e-19]
[2.92779337e-12]
[3.41017153e-37]
[2.04261479e-22]
[7.85425615e-28]
[1.1012526e-24]
[8.40778116e-25]
[3.2475522e-29]
[1.81438145e-16]
[7.15832251e-26]
[3.10381694e-28]
[2.82492786e-21]
[8.11205612e-26]
[4.91822427e-23]
[1.56740793e-26]
[2.10053388e-39]
[3.2906012e-25]
[4.95544888e-29]
[6.26442293e-19]
[2.12638589e-24]
[4.09381143e-35]
[1.05701331e-28]
[2.31581172e-26]
[1.77549959e-32]
[9.73087904e-30]
[4.65997186e-25]
[4.61275157e-17]
[4.23933842e-19]
[0.13403524]
[5.61870894e-17]
[4.6838331e-18]
[1.04920257e-17]
[4.66054986e-30]
[8.35663892e-25]
[2.04187097e-15]
[1.24749935e-06]
[1.21507297e-28]
[3.65189314e-09]
[5.53478468e-19]
[6.96832089e-32]
[9.74620185e-29]
[2.77624303e-23]
[5.91997008e-17]
[6.42257257e-18]
[7.1966559e-27]
[2.82097079e-17]
[2.44766431e-12]
[6.10319098e-23]
[9.49222863e-34]
[2.72754833e-24]
[4.76531813e-19]
[8.49281418e-29]
[1.09734961e-33]
[1.13388441e-36]
[1.34045152e-28]
[1.70261657e-27]
[6.9076909e-30]
[1.30075076e-08]
[5.47468193e-26]
[7.60755783e-15]
[2.36017967e-33]
[5.0520848e-13]
[1.03741384e-36]
[3.57480992e-24]
[2.08984436e-25]
[5.65964144e-36]
[8.44382093e-43]
[2.38732387e-25]
[1.87245018e-12]
[6.30783315e-15]
[5.55284406e-26]
[2.29680867e-23]
[2.2657559e-25]
[1.01260101e-25]
[3.33191043e-40]
[1.44543724e-17]
[1.95664192e-41]
[1.81627739e-11]
[1.22059846e-40]
[4.99015221e-28]
[7.51946589e-22]
[1.70092402e-17]
[4.93312915e-32]
[2.74365786e-08]
[3.11197627e-24]
[2.95518129e-25]
[1.18201848e-11]
[1.22739658e-20]
[8.04656451e-28]
[2.27674431e-14]
[4.86054912e-14]
[5.9142518e-32]
[6.64711109e-33]
[2.41811225e-28]
[2.10252576e-29]
[2.02806768e-19]
[1.27589657e-29]
[2.86836927e-06]
[1.59909752e-30]
[6.68288994e-34]
[6.98632817e-27]
[1.10496461e-20]
[2.05267479e-23]
[3.8759968e-20]
[2.94885443e-40]
[2.7364691e-32]
[1.1196108e-23]
[1.87662025e-29]
[3.78140196e-29]
[9.06220503e-26]
[1.93028481e-29]
[6.5150327e-22]
[4.02308878e-32]
[2.13748959e-15]
[1.23579079e-13]
[4.36918409e-24]
[3.65329748e-13]
[5.47666764e-18]
[4.19442751e-28]
[1.12286826e-12]
[1.73552307e-26]
[1.38192572e-35]
[1.86312472e-17]
[5.0521316e-24]
[2.70465383e-40]
[1.80013347e-05]
[1.30844388e-29]
[2.17712999e-26]
[9.31846112e-26]
[8.33574634e-28]
[3.94830398e-16]
[1.51823711e-22]
[1.08498928e-22]
[1.07199869e-16]
[8.91686951e-24]
[2.18789241e-44]
[7.39112999e-31]
[2.73748071e-10]
[1.35985283e-12]
[4.44214566e-21]
[2.14088605e-30]
budget values : [20, 40] 
f1 measures : [0.1111111111111111, 0] 
Workflow1 : [<function genderPredicate3 at 0x10d1b9b90>, <function genderPredicate1 at 0x10d1b9b18>, <function genderPredicate7 at 0x10d1b9c80>] 
Workflow2 : [<function expressionPredicate1 at 0x10d1b9cf8>, <function expressionPredicate3 at 0x10d1b9d70>, <function expressionPredicate7 at 0x10d1b9e60>] 
Time taken: 26.082942, f1 measure of the answer set: 0.000000, precision:0.541996, recall:0.702939
