sameple id : 0
t1 = [0.5379610061645508, 4.049475431442261, 6.133476495742798, 8.014416933059692, 10.090166568756104, 12.04348111152649, 14.113840818405151, 16.001412868499756, 18.02442479133606, 20.145622730255127] 
q1 = [0.6013986013986015, 0.6170212765957447, 0.6258992805755396, 0.6304347826086957, 0.635036496350365, 0.6397058823529411, 0.6468401486988847, 0.6492537313432836, 0.6566037735849056, 0.6641221374045801] 
t2 = [0.49045491218566895, 4.003781318664551, 6.013277292251587, 8.321377277374268, 10.263569355010986, 12.080339431762695, 14.040424585342407, 16.340073347091675, 18.16200828552246] 
q2 = [0.6013986013986015, 0.6105263157894737, 0.6148409893992933, 0.6170212765957447, 0.6192170818505338, 0.6214285714285714, 0.6214285714285714, 0.6236559139784946, 0.6236559139784946] 
t3 = [0.48912501335144043, 4.25235652923584, 13.068338632583618, 13.085136651992798, 13.085137844085693, 13.085137844085693, 22.328994750976562, 22.346078872680664] 
q3 = [0.6013986013986015, 0.7404255319148937, 0.7404255319148937, 0.7404255319148937, 0.7404255319148937, 0.7404255319148937, 0.7404255319148937, 0.7404255319148937] 
sameple id : 1
t1 = [0.44097018241882324, 4.041209936141968, 6.111546277999878, 8.092806339263916, 10.026446104049683, 12.126388549804688, 14.087146043777466, 16.03837776184082, 18.1075177192688, 20.114648818969727] 
q1 = [0.6416382252559727, 0.6482758620689655, 0.6596491228070176, 0.6666666666666666, 0.6738351254480287, 0.6738351254480287, 0.6788321167883212, 0.6888888888888889, 0.6914498141263941, 0.6943396226415094] 
t2 = [0.3811161518096924, 4.30517315864563, 6.1608734130859375, 8.058217287063599, 10.027100086212158, 12.260554075241089, 14.130089282989502, 16.11170196533203, 18.12394666671753] 
q2 = [0.6416382252559727, 0.6416382252559727, 0.6482758620689655, 0.6505190311418685, 0.6505190311418685, 0.6550522648083624, 0.6596491228070176, 0.6643109540636043, 0.6666666666666666] 
t3 = [0.41901206970214844, 4.1492273807525635, 12.503863334655762, 12.51997423171997, 12.519975185394287, 12.519975185394287, 21.062961101531982, 21.079517126083374] 
q3 = [0.6416382252559727, 0.8105726872246695, 0.8105726872246695, 0.8105726872246695, 0.8105726872246695, 0.8105726872246695, 0.8105726872246695, 0.8105726872246695] 
sameple id : 2
t1 = [0.4355800151824951, 4.1290342807769775, 6.045916557312012, 8.135398864746094, 10.069082021713257, 12.143210172653198, 14.05824065208435, 16.001667022705078, 18.104731559753418, 20.031593322753906] 
q1 = [0.6508474576271187, 0.6551724137931034, 0.6597222222222222, 0.6690140845070423, 0.6737588652482269, 0.6834532374100719, 0.6811594202898551, 0.6836363636363636, 0.6937269372693726, 0.6966292134831461] 
t2 = [0.37978506088256836, 4.097311019897461, 6.355548858642578, 8.134754657745361, 10.05753779411316, 12.328461170196533, 14.09029769897461, 16.027926921844482, 18.24397873878479] 
q2 = [0.6508474576271187, 0.653061224489796, 0.6552901023890785, 0.6575342465753424, 0.6597938144329897, 0.6643598615916955, 0.6666666666666666, 0.6713286713286714, 0.6736842105263158] 
t3 = [0.3937089443206787, 4.16376256942749, 12.537312746047974, 12.553879737854004, 12.5538809299469, 12.553881883621216, 21.062915802001953, 21.079373598098755] 
q3 = [0.6508474576271187, 0.7723577235772358, 0.7723577235772358, 0.7723577235772358, 0.7723577235772358, 0.7723577235772358, 0.7723577235772358, 0.7723577235772358] 
sameple id : 3
t1 = [0.4258730411529541, 4.1184163093566895, 6.140545129776001, 8.124131917953491, 10.129085302352905, 12.11221718788147, 14.01787543296814, 16.142914533615112, 18.102145433425903, 20.066593408584595] 
q1 = [0.7152777777777776, 0.7202797202797203, 0.7132867132867132, 0.7132867132867132, 0.7157894736842105, 0.7157894736842105, 0.7208480565371025, 0.7285714285714285, 0.7338129496402876, 0.7418181818181818] 
t2 = [0.3681619167327881, 4.182772874832153, 6.20423436164856, 8.360389232635498, 10.441733121871948, 12.424576044082642, 14.30418086051941, 16.36483407020569, 18.00681734085083] 
q2 = [0.7152777777777776, 0.7202797202797203, 0.6953642384105961, 0.7253521126760564, 0.7253521126760564, 0.7279151943462897, 0.7279151943462897, 0.7279151943462897, 0.7304964539007092] 
t3 = [0.37827491760253906, 4.184781074523926, 12.474445343017578, 12.490650177001953, 12.49065113067627, 12.490652322769165, 21.06444025039673, 21.08086919784546] 
q3 = [0.7152777777777776, 0.8286852589641434, 0.8286852589641434, 0.8286852589641434, 0.8286852589641434, 0.8286852589641434, 0.8286852589641434, 0.8286852589641434] 
sameple id : 4
t1 = [0.4224710464477539, 4.012661695480347, 6.084727764129639, 8.071529388427734, 10.040030479431152, 12.134498596191406, 14.065358638763428, 16.025374174118042, 18.118517637252808, 20.079235553741455] 
q1 = [0.6622073578595318, 0.6711409395973155, 0.6978417266187051, 0.7054545454545454, 0.6923076923076922, 0.7158671586715868, 0.7158671586715868, 0.7259259259259259, 0.7286245353159853, 0.7313432835820894] 
t2 = [0.3711719512939453, 4.077112436294556, 6.338304042816162, 8.113564252853394, 10.038226842880249, 12.258296489715576, 14.073219299316406, 16.024872064590454, 18.251795291900635] 
q2 = [0.6622073578595318, 0.6879432624113475, 0.6879432624113475, 0.690391459074733, 0.690391459074733, 0.6928571428571428, 0.6756756756756758, 0.6802721088435374, 0.7028985507246377] 
t3 = [0.38343286514282227, 4.144972562789917, 12.397376537322998, 12.413789510726929, 12.413789510726929, 12.413790464401245, 21.584279537200928, 21.601064682006836] 
q3 = [0.6622073578595318, 0.8032786885245902, 0.8032786885245902, 0.8032786885245902, 0.8032786885245902, 0.8032786885245902, 0.8032786885245902, 0.8032786885245902] 
