[0.37279712]
[0.73753449]
[0.37279712]
[0.51818054]
[0.73753449]
[0.59215106]
[0.73753449]
[0.37279712]
[0.59215106]
[0.73753449]
[0.59215106]
[0.52575686]
[0.59215106]
[0.67114029]
[0.43919131]
[0.43919131]
[0.37279712]
[0.59215106]
[0.73753449]
[0.73753449]
[0.73753449]
[0.58457474]
[0.73753449]
[0.58457474]
[0.52575686]
[0.58457474]
[0.73753449]
[0.37279712]
[0.58457474]
[0.51818054]
[0.43919131]
[0.51818054]
[0.58457474]
[0.58457474]
[0.73753449]
[0.43919131]
[0.58457474]
[0.37279712]
[0.59215106]
[0.59215106]
[0.52575686]
[0.67114029]
[0.67114029]
[0.59215106]
[0.73753449]
[0.73753449]
[0.59215106]
[0.67114029]
[0.67114029]
[0.58457474]
[0.67114029]
[0.73753449]
[0.43919131]
[0.73753449]
[0.52575686]
[0.73753449]
[0.58457474]
[0.67114029]
[0.37279712]
[0.52575686]
[0.58457474]
[0.43919131]
[0.58457474]
[0.58457474]
[0.59215106]
[0.73753449]
[0.58457474]
[0.58457474]
[0.52575686]
[0.67114029]
[0.43919131]
[0.73753449]
[0.37279712]
[0.67114029]
[0.67114029]
[0.73753449]
[0.73753449]
[0.51818054]
[0.52575686]
[0.52575686]
[0.51818054]
[0.59215106]
[0.37279712]
[0.43919131]
[0.73753449]
[0.58457474]
[0.52575686]
[0.51818054]
[0.59215106]
[0.59215106]
[0.67114029]
[0.67114029]
[0.73753449]
[0.52575686]
[0.59215106]
[0.67114029]
[0.52575686]
[0.51818054]
[0.73753449]
[0.59215106]
[0.73753449]
[0.37279712]
[0.73753449]
[0.59215106]
[0.43919131]
[0.51818054]
[0.67114029]
[0.67114029]
[0.51818054]
[0.73753449]
[0.58457474]
[0.73753449]
[0.58457474]
[0.52575686]
[0.51818054]
[0.73753449]
[0.59215106]
[0.52575686]
[0.67114029]
[0.52575686]
[0.73753449]
[0.73753449]
[0.37279712]
[0.73753449]
[0.59215106]
[0.58457474]
[0.67114029]
[0.59215106]
[0.59215106]
[0.73753449]
[0.67114029]
[0.37279712]
[0.59215106]
[0.67114029]
[0.52575686]
[0.51818054]
[0.73753449]
[0.67114029]
[0.73753449]
[0.58457474]
[0.73753449]
[0.37279712]
[0.51818054]
[0.73753449]
[0.58457474]
[0.51818054]
[0.67114029]
[0.73753449]
[0.73753449]
[0.37279712]
[0.58457474]
[0.73753449]
[0.58457474]
[0.73753449]
[0.37279712]
[0.67114029]
[0.67114029]
[0.59215106]
[0.52575686]
[0.67114029]
[0.59215106]
[0.51818054]
[0.52575686]
[0.59215106]
[0.58457474]
[0.73753449]
[0.67114029]
[0.43919131]
[0.59215106]
[0.59215106]
[0.73753449]
[0.59215106]
[0.67114029]
[0.59215106]
[0.37279712]
[0.58457474]
[0.73753449]
[0.67114029]
[0.51818054]
[0.73753449]
[0.43919131]
[0.73753449]
[0.67114029]
[0.37279712]
[0.67114029]
[0.73753449]
[0.43919131]
[0.52575686]
[0.59215106]
[0.67114029]
[0.52575686]
[0.67114029]
[0.59215106]
[0.59215106]
[0.67114029]
[0.52575686]
[0.67114029]
[0.67114029]
[0.73753449]
[0.43919131]
[6.31476479e-31]
[1.48741588e-13]
[1.19721342e-15]
[5.14936615e-30]
[8.15987228e-30]
[3.35904197e-22]
[2.93617464e-29]
[6.27841023e-16]
[8.57272765e-32]
[2.46218418e-32]
[4.9306955e-34]
[3.95258618e-23]
[1.6445352e-29]
[1.59019425e-20]
[8.68850515e-36]
[1.87724943e-11]
[6.73506144e-15]
[6.43374868e-42]
[8.59366363e-32]
[1.46588654e-20]
[2.47912183e-29]
[3.65422186e-28]
[1.76868664e-12]
[3.48635227e-12]
[6.06930596e-23]
[1.12956316e-33]
[6.51534465e-26]
[8.26003144e-35]
[2.92991946e-26]
[1.08998483e-29]
[1.86578996e-31]
[9.66911784e-26]
[1.77318645e-29]
[2.26042124e-25]
[1.46816738e-12]
[2.21754604e-26]
[7.66542855e-33]
[3.67832748e-24]
[5.66084917e-32]
[1.30411816e-41]
[0.95788057]
[4.18996031e-08]
[9.61238959e-19]
[2.3797826e-24]
[7.64246946e-25]
[6.57445645e-30]
[4.58173318e-32]
[1.38942446e-48]
[5.98333976e-14]
[2.92779337e-12]
[9.93037138e-27]
[2.513759e-30]
[2.4230628e-30]
[2.19671e-38]
[7.66988186e-25]
[2.23369809e-31]
[1.31794244e-24]
[1.10111648e-15]
[1.00873634e-15]
[4.55854937e-36]
[7.54481898e-28]
[3.80617778e-10]
[1.45884722e-17]
[1.01080589e-43]
[1.06010203e-30]
[3.55939396e-19]
[3.8777782e-20]
[1.76437891e-29]
[2.71362121e-25]
[1.94475334e-27]
[2.16523541e-25]
[8.93487891e-18]
[3.23445452e-38]
[3.45761151e-29]
[4.6838331e-18]
[1.76062985e-23]
[4.36697578e-21]
[2.23529949e-20]
[5.63916063e-26]
[1.07026218e-26]
[0.00581011]
[4.85272286e-19]
[2.95099152e-23]
[1.87375667e-32]
[1.42749294e-20]
[1.09662321e-16]
[1.68389748e-24]
[3.32514253e-33]
[2.18804577e-31]
[1.44858115e-34]
[9.95733192e-33]
[7.99331026e-20]
[2.77624303e-23]
[2.56156747e-24]
[8.39767402e-17]
[2.44766431e-12]
[1.40334684e-20]
[3.1275236e-24]
[1.22520556e-07]
[1.60005878e-20]
[5.7857506e-19]
[1.97155067e-23]
[2.84918761e-30]
[5.32087492e-23]
[1.99463767e-32]
[1.09734961e-33]
[5.1367393e-15]
[3.40368567e-14]
[2.97187145e-15]
[3.83391225e-29]
[5.42661733e-18]
[9.20850781e-19]
[6.17243045e-11]
[2.78140926e-23]
[1.30075076e-08]
[5.47468193e-26]
[7.60755783e-15]
[2.99979517e-15]
[2.36017967e-33]
[9.90695809e-16]
[5.34656249e-20]
[1.75712225e-27]
[9.11917874e-18]
[1.3196629e-07]
[1.03741384e-36]
[9.49963554e-32]
[1.22506597e-09]
[1.09409687e-31]
[1.38537388e-23]
[4.03286696e-27]
[6.30783315e-15]
[0.01079412]
[1.76885068e-27]
[1.03963688e-22]
[2.2657559e-25]
[1.01260101e-25]
[1.0858077e-21]
[7.87678166e-29]
[6.60098689e-23]
[5.42126567e-23]
[2.63455911e-18]
[2.17006531e-23]
[2.24174569e-13]
[1.25950359e-25]
[4.81980758e-35]
[4.66586373e-27]
[1.2855557e-36]
[1.11485438e-24]
[1.03478777e-26]
[6.50988686e-26]
[1.07833162e-23]
[2.24664648e-32]
[5.7528407e-16]
[4.93312915e-32]
[1.1629136e-15]
[5.94565339e-17]
[8.38552571e-20]
[1.18201848e-11]
[1.31806341e-35]
[1.09029363e-26]
[7.0935137e-39]
[2.10252576e-29]
[1.21283805e-13]
[3.89679482e-22]
[7.69434003e-26]
[3.3445079e-38]
[1.58034495e-13]
[3.70089667e-23]
[2.78554125e-32]
[9.73206762e-22]
[7.96641522e-22]
[1.59668083e-27]
[2.05267479e-23]
[1.04597635e-24]
[5.8388062e-27]
[5.09537496e-20]
[9.66907935e-27]
[1.05816297e-11]
[2.53127542e-24]
[4.05651112e-30]
[6.56016421e-26]
[5.68298367e-36]
[1.67205045e-10]
[4.4627765e-17]
[2.42697669e-35]
[8.60457139e-27]
[2.98076663e-25]
[9.68989944e-27]
[1.55555451e-26]
[7.02216393e-33]
[6.49938983e-31]
[1.05757428e-31]
[1.65127743e-31]
[2.81928433e-29]
[8.91686951e-24]
[2.74040589e-25]
[1.98227962e-31]
[7.22458102e-21]
[4.53158966e-27]
[3.14864253e-33]
size of answer set : 2
real F1 : 0.000000
budget values : [0, 4, 8, 12, 16, 20, 24, 28, 32, 36, 40] 
f1 measures : [0, 0.10526315789473684, 0, 0, 0, 0, 0, 0, 0, 0, 0] 
Workflow1 : [<function genderPredicate3 at 0x112d6cc08>, <function genderPredicate1 at 0x112d6cb90>, <function genderPredicate7 at 0x112d6ccf8>] 
Workflow2 : [<function expressionPredicate1 at 0x112d6cd70>, <function expressionPredicate3 at 0x112d6cde8>, <function expressionPredicate7 at 0x112d6ced8>] 
Time taken: 26.330831, f1 measure of the answer set: 0.000000, precision:0.460775, recall:0.628867
