sameple id : 0
t1 = [0, 4.032740592956543, 6.149193525314331, 8.148033142089844, 10.00143027305603, 12.160802841186523, 14.010433435440063, 16.367266178131104, 18.25323510169983, 20.185514450073242, 22.021482229232788, 24.390111446380615, 26.278029680252075, 28.13079833984375, 30.00807285308838, 32.265230655670166, 34.076119899749756, 36.425374031066895, 38.270835876464844, 40.057371616363525, 42.36238479614258, 44.2351598739624, 46.036556005477905, 48.31230974197388, 50.098894357681274, 52.39535927772522, 54.16665029525757, 56.42184281349182, 58.20468878746033, 60.028074979782104, 62.02359580993652, 64.01557755470276] 
q1 = [0.72992700729927, 0.7659574468085106, 0.7746478873239437, 0.7746478873239437, 0.7832167832167832, 0.8235294117647058, 0.8571428571428571, 0.8787878787878789, 0.8721804511278196, 0.8636363636363635, 0.8549618320610686, 0.8507462686567164, 0.8484848484848485, 0.8484848484848485, 0.8484848484848485, 0.8549618320610686, 0.8571428571428571, 0.8636363636363635, 0.8636363636363635, 0.8636363636363635, 0.8636363636363635, 0.8636363636363635, 0.8702290076335878, 0.8769230769230769, 0.8837209302325583, 0.8837209302325583, 0.890625, 0.9047619047619048, 0.912, 0.912, 0.9193548387096774, 0.9075630252100839] 
t2 = [0, 4.023347616195679, 6.124962091445923, 8.444772720336914, 10.35838794708252, 12.27931261062622, 14.18758749961853, 16.070176124572754, 18.01337504386902, 20.105958461761475, 22.02461528778076, 24.36822533607483, 26.229281663894653, 28.096546411514282, 30.006255626678467, 32.0884051322937, 34.001083850860596, 36.00985622406006, 38.442084312438965, 40.3512282371521, 42.2074408531189, 44.2316837310791, 46.044787645339966, 48.05542230606079, 50.3103723526001, 52.20004439353943, 54.136298418045044, 56.0799126625061, 58.09169244766235, 60.381261587142944, 62.38412833213806] 
q2 = [0.72992700729927, 0.7391304347826088, 0.72992700729927, 0.72992700729927, 0.7391304347826088, 0.72992700729927, 0.7391304347826088, 0.7391304347826088, 0.7391304347826088, 0.7391304347826088, 0.7482014388489209, 0.7482014388489209, 0.7482014388489209, 0.7482014388489209, 0.7571428571428571, 0.7659574468085106, 0.7659574468085106, 0.7659574468085106, 0.7746478873239437, 0.7746478873239437, 0.7714285714285714, 0.776978417266187, 0.7883211678832117, 0.8120300751879699, 0.8244274809160305, 0.84375, 0.8571428571428572, 0.870967741935484, 0.8852459016393444, 0.9075630252100839, 0.9075630252100839] 
t3 = [0, 4.010617733001709, 6.333364248275757, 8.316310405731201, 10.267725467681885, 12.256943225860596, 14.236075162887573, 16.063053369522095, 18.05215358734131, 20.06768250465393, 22.02226233482361, 24.509456396102905, 26.005184650421143, 28.013753414154053, 30.000112056732178, 32.29401683807373, 34.2075400352478, 36.159929037094116, 38.15065813064575, 40.12234425544739, 42.11106562614441, 44.437785148620605, 46.404946088790894, 48.36361503601074, 50.32326817512512, 52.3034462928772, 54.105934381484985, 56.08551621437073, 58.02018857002258, 60.00338888168335, 62.43807911872864, 64.4194643497467, 66.42500638961792, 68.07182264328003, 70.0320656299591] 
q3 = [0.72992700729927, 0.9166666666666666, 0.9180327868852459, 0.9180327868852459, 0.9180327868852459, 0.9180327868852459, 0.9180327868852459, 0.9180327868852459, 0.9180327868852459, 0.9180327868852459, 0.9180327868852459, 0.9180327868852459, 0.9180327868852459, 0.9180327868852459, 0.9180327868852459, 0.9180327868852459, 0.9180327868852459, 0.9180327868852459, 0.9090909090909091, 0.9152542372881356, 0.905982905982906, 0.9230769230769231, 0.9230769230769231, 0.9230769230769231, 0.9230769230769231, 0.9230769230769231, 0.9230769230769231, 0.9152542372881356, 0.9152542372881356, 0.9152542372881356, 0.9152542372881356, 0.9152542372881356, 0.9152542372881356, 0.9152542372881356, 0.9152542372881356] 
sameple id : 1
t1 = [0, 4.04702353477478, 6.032714128494263, 8.08323335647583, 10.160906076431274, 12.050854206085205, 14.053829908370972, 16.074861526489258, 18.08849573135376, 20.291590213775635, 22.168078899383545, 24.037293195724487, 26.385204315185547, 28.19326114654541, 30.10872721672058, 32.00732207298279, 34.01353192329407, 36.33362698554993, 38.26564431190491, 40.258261919021606, 42.28175663948059, 44.21424865722656, 46.13608717918396, 48.0062689781189, 50.33914494514465, 52.204068660736084, 54.093618631362915, 56.198261737823486, 58.42681002616882, 60.38871788978577, 62.391743898391724, 64.43840789794922, 66.0172598361969, 68.00654554367065] 
q1 = [0.72992700729927, 0.7659574468085106, 0.7746478873239437, 0.7659574468085106, 0.7832167832167832, 0.8115942028985509, 0.8636363636363635, 0.8769230769230769, 0.8787878787878789, 0.8721804511278196, 0.8636363636363635, 0.8484848484848485, 0.8484848484848485, 0.8484848484848485, 0.8484848484848485, 0.8549618320610686, 0.8484848484848485, 0.8636363636363635, 0.8636363636363635, 0.8636363636363635, 0.8636363636363635, 0.8636363636363635, 0.8636363636363635, 0.8769230769230769, 0.8769230769230769, 0.8837209302325583, 0.8837209302325583, 0.890625, 0.9047619047619048, 0.912, 0.912, 0.912, 0.9090909090909091, 0.9152542372881356] 
t2 = [0, 4.299361228942871, 6.0039849281311035, 8.065020561218262, 10.04022741317749, 12.207195520401001, 14.460507869720459, 16.081051111221313, 18.100828647613525, 20.115625143051147, 22.100796937942505, 24.18346643447876, 26.41332221031189, 28.023399591445923, 30.151845932006836, 32.17088580131531, 34.296308517456055, 36.374552726745605, 38.0837767124176, 40.03197264671326, 42.17676091194153, 44.2977294921875, 46.44317436218262, 48.078126668930054, 50.02051877975464, 52.10241150856018, 54.30807542800903, 56.47651648521423, 58.12559914588928, 60.0808219909668, 62.23637676239014, 64.36309099197388, 66.00725412368774, 68.13601613044739, 70.07614374160767] 
q2 = [0.72992700729927, 0.7391304347826088, 0.7205882352941178, 0.7391304347826088, 0.72992700729927, 0.72992700729927, 0.7391304347826088, 0.7391304347826088, 0.7391304347826088, 0.7391304347826088, 0.7391304347826088, 0.7482014388489209, 0.7482014388489209, 0.7482014388489209, 0.7482014388489209, 0.7482014388489209, 0.7571428571428571, 0.7659574468085106, 0.7659574468085106, 0.7659574468085106, 0.7746478873239437, 0.7746478873239437, 0.7659574468085106, 0.776978417266187, 0.7826086956521738, 0.7999999999999999, 0.8120300751879699, 0.8244274809160305, 0.84375, 0.8503937007874016, 0.870967741935484, 0.870967741935484, 0.8925619834710743, 0.9075630252100839, 0.9075630252100839] 
t3 = [0, 4.402925968170166, 6.291835784912109, 8.101864099502563, 10.350104331970215, 12.138671398162842, 14.074454545974731, 16.154886722564697, 18.0065176486969, 20.213597536087036, 22.50848627090454, 24.027343273162842, 26.13455557823181, 28.321698904037476, 30.231549978256226, 32.27365756034851, 34.13475441932678, 36.29791045188904, 38.07699656486511, 40.17790913581848, 42.335330963134766, 44.0473358631134, 46.1886568069458, 48.026283740997314, 50.0540497303009, 52.15378022193909, 54.424588203430176, 56.39087414741516, 58.02034044265747, 60.11078977584839, 62.15986180305481, 64.1160843372345] 
q3 = [0.72992700729927, 0.9180327868852459, 0.9180327868852459, 0.9180327868852459, 0.9180327868852459, 0.9180327868852459, 0.9180327868852459, 0.9180327868852459, 0.9180327868852459, 0.9180327868852459, 0.9180327868852459, 0.9180327868852459, 0.9180327868852459, 0.9180327868852459, 0.9180327868852459, 0.9180327868852459, 0.9090909090909091, 0.9152542372881356, 0.905982905982906, 0.9230769230769231, 0.9230769230769231, 0.9230769230769231, 0.9230769230769231, 0.9230769230769231, 0.9152542372881356, 0.9152542372881356, 0.9152542372881356, 0.9152542372881356, 0.9152542372881356, 0.9152542372881356, 0.9152542372881356, 0.9152542372881356] 
sameple id : 2
t1 = [0, 4.056197166442871, 6.14561653137207, 8.09943151473999, 10.03304934501648, 12.019270896911621, 14.049955606460571, 16.069490432739258, 18.411745071411133, 20.010008096694946, 22.1958749294281, 24.322389364242554, 26.394465684890747, 28.447036743164062, 30.5012469291687, 32.05793905258179, 34.13005185127258, 36.13952875137329, 38.150089740753174, 40.31621956825256, 42.258615493774414, 44.214465618133545, 46.421757221221924, 48.492472410202026, 50.0685932636261, 52.12846374511719, 54.16734290122986, 56.233100175857544, 58.34250235557556, 60.398194313049316, 62.4790985584259, 64.0723876953125, 66.14488387107849, 68.11923408508301, 70.0252411365509] 
q1 = [0.72992700729927, 0.7659574468085106, 0.7746478873239437, 0.7659574468085106, 0.7832167832167832, 0.8057553956834533, 0.8549618320610686, 0.8769230769230769, 0.8787878787878789, 0.8721804511278196, 0.8636363636363635, 0.8549618320610686, 0.8507462686567164, 0.8484848484848485, 0.8484848484848485, 0.8484848484848485, 0.8549618320610686, 0.8484848484848485, 0.8636363636363635, 0.8636363636363635, 0.8636363636363635, 0.8636363636363635, 0.8636363636363635, 0.8636363636363635, 0.8702290076335878, 0.8769230769230769, 0.8769230769230769, 0.8837209302325583, 0.8837209302325583, 0.890625, 0.9047619047619048, 0.912, 0.912, 0.912, 0.9090909090909091] 
t2 = [0, 4.208054065704346, 6.205071926116943, 8.335590839385986, 10.40125823020935, 12.501467227935791, 14.11891222000122, 16.01865839958191, 18.134027242660522, 20.152963876724243, 22.130239963531494, 24.01451277732849, 26.177268981933594, 28.111778497695923, 30.206989526748657, 32.32325530052185, 34.4428129196167, 36.034549951553345, 38.003623247146606, 40.141547203063965, 42.177868127822876, 44.16032099723816, 46.13603210449219, 48.11909604072571, 50.16683006286621, 52.112170934677124, 54.18948459625244, 56.33393955230713, 58.44847059249878, 60.0545015335083, 62.136213302612305, 64.0688259601593, 66.18527340888977, 68.30780339241028] 
q2 = [0.72992700729927, 0.7391304347826088, 0.7205882352941178, 0.7391304347826088, 0.7391304347826088, 0.72992700729927, 0.7391304347826088, 0.7391304347826088, 0.7391304347826088, 0.7391304347826088, 0.7482014388489209, 0.7482014388489209, 0.7391304347826088, 0.7482014388489209, 0.7482014388489209, 0.7571428571428571, 0.7659574468085106, 0.7659574468085106, 0.7659574468085106, 0.7746478873239437, 0.7746478873239437, 0.7801418439716312, 0.776978417266187, 0.7826086956521738, 0.7999999999999999, 0.8120300751879699, 0.8244274809160305, 0.84375, 0.8571428571428572, 0.870967741935484, 0.8780487804878048, 0.8925619834710743, 0.9075630252100839, 0.9075630252100839] 
t3 = [0, 4.258069753646851, 6.243043422698975, 8.279983043670654, 10.27646017074585, 12.255174160003662, 14.13127613067627, 16.03972053527832, 18.278031587600708, 20.135742902755737, 22.20483088493347, 24.23127317428589, 26.26282787322998, 28.147132635116577, 30.012054204940796, 32.160483598709106, 34.1476776599884, 36.27377247810364, 38.3838894367218, 40.48271942138672, 42.10488677024841, 44.18435025215149, 46.2861864566803, 48.36499357223511, 50.448439836502075, 52.00629663467407, 54.094998359680176, 56.07739806175232, 58.158512592315674, 60.28618288040161, 62.36671257019043, 64.43087863922119, 66.53633761405945, 68.10269236564636, 70.00728011131287, 72.01814460754395] 
q3 = [0.72992700729927, 0.9180327868852459, 0.9180327868852459, 0.9180327868852459, 0.9180327868852459, 0.9180327868852459, 0.9180327868852459, 0.9180327868852459, 0.9180327868852459, 0.9180327868852459, 0.9180327868852459, 0.9180327868852459, 0.9180327868852459, 0.9180327868852459, 0.9180327868852459, 0.9180327868852459, 0.9180327868852459, 0.9180327868852459, 0.9166666666666666, 0.905982905982906, 0.905982905982906, 0.9152542372881356, 0.9230769230769231, 0.9230769230769231, 0.9230769230769231, 0.9230769230769231, 0.9230769230769231, 0.9152542372881356, 0.9152542372881356, 0.9152542372881356, 0.9152542372881356, 0.9152542372881356, 0.9152542372881356, 0.9152542372881356, 0.9152542372881356, 0.9152542372881356] 
sameple id : 3
t1 = [0, 4.059407711029053, 6.1129069328308105, 8.022009134292603, 10.103415489196777, 12.07834768295288, 14.125312089920044, 16.022687911987305, 18.402148246765137, 20.430387020111084, 22.44119691848755, 24.484373807907104, 26.008113861083984, 28.399609565734863, 30.34889054298401, 32.34886860847473, 34.33264756202698, 36.37737798690796, 38.39551877975464, 40.32332181930542, 42.04290008544922, 44.209938764572144, 46.39280581474304, 48.16168284416199, 50.42474579811096, 52.44771766662598, 54.3460328578949, 56.117159843444824, 58.384185791015625, 60.10239243507385, 62.25592041015625, 64.07050633430481, 66.02099347114563] 
q1 = [0.72992700729927, 0.7659574468085106, 0.7746478873239437, 0.7571428571428571, 0.7746478873239437, 0.7943262411347518, 0.8484848484848485, 0.8636363636363635, 0.8787878787878789, 0.8721804511278196, 0.8636363636363635, 0.8549618320610686, 0.8484848484848485, 0.8484848484848485, 0.8484848484848485, 0.8484848484848485, 0.8549618320610686, 0.8484848484848485, 0.8636363636363635, 0.8636363636363635, 0.8636363636363635, 0.8636363636363635, 0.8636363636363635, 0.8702290076335878, 0.8769230769230769, 0.8769230769230769, 0.8837209302325583, 0.8837209302325583, 0.9047619047619048, 0.9047619047619048, 0.912, 0.912, 0.9090909090909091] 
t2 = [0, 4.407853841781616, 6.237277030944824, 8.177570104598999, 10.148044109344482, 12.141297340393066, 14.052048206329346, 16.19900345802307, 18.411747455596924, 20.10099959373474, 22.006582736968994, 24.078678607940674, 26.249767065048218, 28.397192001342773, 30.098092079162598, 32.2142288684845, 34.30614900588989, 36.39973449707031, 38.44511437416077, 40.022385597229004, 42.005143880844116, 44.071423292160034, 46.00805592536926, 48.116222620010376, 50.32737874984741, 52.12809205055237, 54.09987711906433, 56.293562173843384, 58.057432413101196, 60.010785818099976, 62.231884717941284, 64.01542139053345] 
q2 = [0.72992700729927, 0.7391304347826088, 0.72992700729927, 0.72992700729927, 0.7391304347826088, 0.72992700729927, 0.7391304347826088, 0.7391304347826088, 0.7391304347826088, 0.7391304347826088, 0.7482014388489209, 0.7482014388489209, 0.7482014388489209, 0.7482014388489209, 0.7482014388489209, 0.7571428571428571, 0.7659574468085106, 0.7659574468085106, 0.7659574468085106, 0.7746478873239437, 0.7746478873239437, 0.7659574468085106, 0.776978417266187, 0.7883211678832117, 0.8059701492537312, 0.8181818181818182, 0.8372093023255814, 0.8503937007874016, 0.870967741935484, 0.8780487804878048, 0.9, 0.9075630252100839] 
t3 = [0, 4.2747883796691895, 6.3278374671936035, 8.336755752563477, 10.395906925201416, 12.410413980484009, 14.104108810424805, 16.179539442062378, 18.380972862243652, 20.361875772476196, 22.361470937728882, 24.422339916229248, 26.403351068496704, 28.08647894859314, 30.109793424606323, 32.30744028091431, 34.338481187820435, 36.37591314315796, 38.303122758865356, 40.342814683914185, 42.073501110076904, 44.0558762550354, 46.15042233467102, 48.14452838897705, 50.15290832519531, 52.16494536399841, 54.030062198638916, 56.112924575805664, 58.13895559310913, 60.16455340385437, 62.18085336685181, 64.2114634513855, 66.22663950920105, 68.11545515060425, 70.0080955028534] 
q3 = [0.72992700729927, 0.9180327868852459, 0.9180327868852459, 0.9180327868852459, 0.9180327868852459, 0.9180327868852459, 0.9180327868852459, 0.9180327868852459, 0.9180327868852459, 0.9180327868852459, 0.9180327868852459, 0.9180327868852459, 0.9180327868852459, 0.9180327868852459, 0.9180327868852459, 0.9180327868852459, 0.9180327868852459, 0.9180327868852459, 0.9166666666666666, 0.905982905982906, 0.905982905982906, 0.9230769230769231, 0.9230769230769231, 0.9230769230769231, 0.9230769230769231, 0.9230769230769231, 0.9230769230769231, 0.9152542372881356, 0.9152542372881356, 0.9152542372881356, 0.9152542372881356, 0.9152542372881356, 0.9152542372881356, 0.9152542372881356, 0.9152542372881356] 
sameple id : 4
t1 = [0, 4.0007312297821045, 6.021461725234985, 8.067720890045166, 10.085795164108276, 12.096678256988525, 14.146186590194702, 16.395533800125122, 18.053485870361328, 20.118542671203613, 22.204288721084595, 24.2569260597229, 26.304385900497437, 28.377989530563354, 30.02738881111145, 32.09784197807312, 34.14633512496948, 36.221099615097046, 38.30046272277832, 40.37109065055847, 42.09281873703003, 44.2596709728241, 46.32540011405945, 48.01184296607971, 50.114354610443115, 52.22943091392517, 54.34353280067444, 56.0678186416626, 58.004661321640015] 
q1 = [0.72992700729927, 0.7659574468085106, 0.7659574468085106, 0.7746478873239437, 0.7943262411347518, 0.8549618320610686, 0.8769230769230769, 0.8721804511278196, 0.8721804511278196, 0.8549618320610686, 0.8507462686567164, 0.8484848484848485, 0.8484848484848485, 0.8549618320610686, 0.8484848484848485, 0.8636363636363635, 0.8636363636363635, 0.8636363636363635, 0.8636363636363635, 0.8636363636363635, 0.8769230769230769, 0.8769230769230769, 0.8837209302325583, 0.8837209302325583, 0.8976377952755905, 0.9047619047619048, 0.912, 0.912, 0.9090909090909091] 
t2 = [0, 4.396055698394775, 6.162180662155151, 8.115304470062256, 10.286741018295288, 12.067073106765747, 14.01189398765564, 16.21372389793396, 18.026803970336914, 20.38491129875183, 22.15069055557251, 24.093758583068848, 26.300073862075806, 28.1131329536438, 30.126656532287598, 32.32069420814514, 34.08999514579773, 36.05662703514099, 38.286444425582886, 40.046062707901, 42.01858687400818, 44.20275402069092, 46.127846002578735, 48.29207396507263, 50.08489179611206, 52.04019546508789, 54.22827506065369, 56.023691177368164, 58.36138415336609] 
q2 = [0.72992700729927, 0.7391304347826088, 0.72992700729927, 0.72992700729927, 0.72992700729927, 0.7391304347826088, 0.7391304347826088, 0.7391304347826088, 0.7391304347826088, 0.7482014388489209, 0.7482014388489209, 0.7391304347826088, 0.7482014388489209, 0.7571428571428571, 0.7659574468085106, 0.7659574468085106, 0.7659574468085106, 0.7746478873239437, 0.7801418439716312, 0.776978417266187, 0.7883211678832117, 0.8059701492537312, 0.8181818181818182, 0.8372093023255814, 0.8503937007874016, 0.870967741935484, 0.8780487804878048, 0.9, 0.9075630252100839] 
t3 = [0, 4.257798671722412, 6.3433942794799805, 8.00392460823059, 10.116913795471191, 12.116569995880127, 14.037536144256592, 16.00734305381775, 18.08907389640808, 20.199965000152588, 22.26359534263611, 24.0110821723938, 26.40985131263733, 28.144636392593384, 30.312520503997803, 32.014907360076904, 34.11135935783386, 36.00958013534546, 38.291794776916504, 40.35242581367493, 42.07510709762573, 44.15073084831238, 46.13953876495361, 48.05325198173523, 50.39304304122925, 52.03488802909851, 54.10236382484436, 56.19997596740723, 58.06745529174805] 
q3 = [0.72992700729927, 0.9180327868852459, 0.9180327868852459, 0.9180327868852459, 0.9180327868852459, 0.9180327868852459, 0.9180327868852459, 0.9180327868852459, 0.9180327868852459, 0.9180327868852459, 0.9180327868852459, 0.9180327868852459, 0.9180327868852459, 0.9180327868852459, 0.9180327868852459, 0.9090909090909091, 0.905982905982906, 0.905982905982906, 0.9230769230769231, 0.9230769230769231, 0.9230769230769231, 0.9230769230769231, 0.9152542372881356, 0.9152542372881356, 0.9152542372881356, 0.9152542372881356, 0.9152542372881356, 0.9152542372881356, 0.9152542372881356] 
sameple id : 5
t1 = [0, 4.006678104400635, 6.046006441116333, 8.08867073059082, 10.1150643825531, 12.139716386795044, 14.017544269561768, 16.003222703933716, 18.075397968292236, 20.177478075027466, 22.254058122634888, 24.349732875823975, 26.025099754333496, 28.095431327819824, 30.173959493637085, 32.24346590042114, 34.30388140678406, 36.37215757369995, 38.02015233039856, 40.094013929367065, 42.15616202354431, 44.308449268341064, 46.379071950912476, 48.039515018463135, 50.10521912574768, 52.18051815032959, 54.23952627182007, 56.33820295333862, 58.01414179801941] 
q1 = [0.72992700729927, 0.7659574468085106, 0.7659574468085106, 0.7746478873239437, 0.7943262411347518, 0.8549618320610686, 0.8769230769230769, 0.8787878787878789, 0.8721804511278196, 0.8549618320610686, 0.8507462686567164, 0.8484848484848485, 0.8549618320610686, 0.8484848484848485, 0.8484848484848485, 0.8636363636363635, 0.8636363636363635, 0.8636363636363635, 0.8636363636363635, 0.8636363636363635, 0.8769230769230769, 0.8769230769230769, 0.8837209302325583, 0.8837209302325583, 0.8976377952755905, 0.9047619047619048, 0.912, 0.9193548387096774, 0.9] 
t2 = [0, 4.312000513076782, 6.077818870544434, 8.024062156677246, 10.219027757644653, 12.01317834854126, 14.398941278457642, 16.160004138946533, 18.11987018585205, 20.293907642364502, 22.116060256958008, 24.10599398612976, 26.315255165100098, 28.08912944793701, 30.016258478164673, 32.19534730911255, 34.00425457954407, 36.358004570007324, 38.120333671569824, 40.06027126312256, 42.26199173927307, 44.02113056182861, 46.403706312179565, 48.200544357299805, 50.116272926330566, 52.28277325630188, 54.06942534446716, 56.4064564704895, 58.16927647590637] 
q2 = [0.72992700729927, 0.7391304347826088, 0.72992700729927, 0.72992700729927, 0.72992700729927, 0.7391304347826088, 0.7391304347826088, 0.7391304347826088, 0.7391304347826088, 0.7482014388489209, 0.7482014388489209, 0.7391304347826088, 0.7482014388489209, 0.7571428571428571, 0.7659574468085106, 0.7659574468085106, 0.7659574468085106, 0.7746478873239437, 0.7801418439716312, 0.776978417266187, 0.7883211678832117, 0.8059701492537312, 0.8181818181818182, 0.8372093023255814, 0.8503937007874016, 0.870967741935484, 0.8780487804878048, 0.9075630252100839, 0.9075630252100839] 
t3 = [0, 4.231801986694336, 6.301652908325195, 8.364747762680054, 10.01397180557251, 12.004140138626099, 14.055418968200684, 16.304407119750977, 18.366202116012573, 20.02872085571289, 22.10862445831299, 24.105246543884277, 26.260989665985107, 28.323465824127197, 30.383665084838867, 32.08819937705994, 34.03234815597534, 36.07426166534424, 38.303950786590576, 40.403698682785034, 42.066614627838135, 44.17069911956787, 46.039708852767944, 48.32347321510315, 50.41230368614197, 52.073606967926025, 54.145589113235474, 56.209516286849976, 58.11146092414856] 
q3 = [0.72992700729927, 0.9180327868852459, 0.9180327868852459, 0.9180327868852459, 0.9180327868852459, 0.9180327868852459, 0.9180327868852459, 0.9180327868852459, 0.9180327868852459, 0.9180327868852459, 0.9180327868852459, 0.9180327868852459, 0.9180327868852459, 0.9180327868852459, 0.9180327868852459, 0.9166666666666666, 0.905982905982906, 0.9230769230769231, 0.9230769230769231, 0.9230769230769231, 0.9230769230769231, 0.9230769230769231, 0.9152542372881356, 0.9152542372881356, 0.9152542372881356, 0.9152542372881356, 0.9152542372881356, 0.9152542372881356, 0.9152542372881356] 
sameple id : 6
t1 = [0, 4.1041343212127686, 6.1205384731292725, 8.019678115844727, 10.036287784576416, 12.023071527481079, 14.047102212905884, 16.337679386138916, 18.00678324699402, 20.06685709953308, 22.139464855194092, 24.190585136413574, 26.237292528152466, 28.31338930130005, 30.371086359024048, 32.03361678123474, 34.099504232406616, 36.20719003677368, 38.27536106109619, 40.368602991104126, 42.03491973876953, 44.14120888710022, 46.22316598892212, 48.27669715881348, 50.3447904586792, 52.41608548164368, 54.08925533294678, 56.1609902381897, 58.01523518562317] 
q1 = [0.72992700729927, 0.7659574468085106, 0.7571428571428571, 0.7746478873239437, 0.7943262411347518, 0.8549618320610686, 0.8769230769230769, 0.8721804511278196, 0.8721804511278196, 0.8549618320610686, 0.8507462686567164, 0.8484848484848485, 0.8484848484848485, 0.8549618320610686, 0.8484848484848485, 0.8636363636363635, 0.8636363636363635, 0.8636363636363635, 0.8636363636363635, 0.8636363636363635, 0.8769230769230769, 0.8769230769230769, 0.8837209302325583, 0.8837209302325583, 0.9047619047619048, 0.912, 0.912, 0.9193548387096774, 0.9] 
t2 = [0, 4.303450584411621, 6.099522352218628, 8.024588584899902, 10.191806316375732, 12.124128103256226, 14.28457522392273, 16.03610610961914, 18.41073751449585, 20.179383277893066, 22.010693073272705, 24.362308025360107, 26.157368421554565, 28.094303369522095, 30.345585107803345, 32.12183213233948, 34.04820919036865, 36.233880043029785, 38.001057863235474, 40.371015310287476, 42.13848924636841, 44.06142830848694, 46.26783871650696, 48.0345401763916, 50.01014447212219, 52.22317552566528, 54.02852940559387, 56.3635835647583, 58.1682608127594] 
q2 = [0.72992700729927, 0.7391304347826088, 0.72992700729927, 0.72992700729927, 0.72992700729927, 0.7391304347826088, 0.7391304347826088, 0.7391304347826088, 0.7391304347826088, 0.7482014388489209, 0.7482014388489209, 0.7482014388489209, 0.7482014388489209, 0.7571428571428571, 0.7659574468085106, 0.7659574468085106, 0.7746478873239437, 0.7746478873239437, 0.7801418439716312, 0.776978417266187, 0.7883211678832117, 0.8059701492537312, 0.8181818181818182, 0.8372093023255814, 0.8503937007874016, 0.870967741935484, 0.8780487804878048, 0.9075630252100839, 0.9075630252100839] 
t3 = [0, 4.2576518058776855, 6.316781759262085, 8.401923179626465, 10.052492380142212, 12.029916286468506, 14.035827159881592, 16.26737403869629, 18.342430353164673, 20.005876064300537, 22.08924698829651, 24.096834421157837, 26.2398624420166, 28.307897567749023, 30.36815857887268, 32.04848861694336, 34.00702500343323, 36.04857325553894, 38.27675747871399, 40.34816861152649, 42.00343060493469, 44.09779477119446, 46.12360978126526, 48.26198387145996, 50.31780481338501, 52.39702582359314, 54.0735080242157, 56.15285325050354, 58.058966636657715] 
q3 = [0.72992700729927, 0.9180327868852459, 0.9180327868852459, 0.9180327868852459, 0.9180327868852459, 0.9180327868852459, 0.9180327868852459, 0.9180327868852459, 0.9180327868852459, 0.9180327868852459, 0.9180327868852459, 0.9180327868852459, 0.9180327868852459, 0.9180327868852459, 0.9180327868852459, 0.9166666666666666, 0.905982905982906, 0.9230769230769231, 0.9230769230769231, 0.9230769230769231, 0.9230769230769231, 0.9230769230769231, 0.9152542372881356, 0.9152542372881356, 0.9152542372881356, 0.9152542372881356, 0.9152542372881356, 0.9152542372881356, 0.9152542372881356] 
sameple id : 7
t1 = [0, 4.019641637802124, 6.028741836547852, 8.039214134216309, 10.052889347076416, 12.083889722824097, 14.104251623153687, 16.31147313117981, 18.377031087875366, 20.039228916168213, 22.117186069488525, 24.16130304336548, 26.212139129638672, 28.29009199142456, 30.3554630279541, 32.02150201797485, 34.0873076915741, 36.16233205795288, 38.24474835395813, 40.30900764465332, 42.37809872627258, 44.054104804992676, 46.11026573181152, 48.17104244232178, 50.242600202560425, 52.31030201911926, 54.40805220603943, 56.101038217544556, 58.00811815261841] 
q1 = [0.72992700729927, 0.7659574468085106, 0.7659574468085106, 0.7746478873239437, 0.7943262411347518, 0.8549618320610686, 0.8769230769230769, 0.8721804511278196, 0.8636363636363635, 0.8549618320610686, 0.8507462686567164, 0.8484848484848485, 0.8484848484848485, 0.8549618320610686, 0.8484848484848485, 0.8636363636363635, 0.8636363636363635, 0.8636363636363635, 0.8636363636363635, 0.8636363636363635, 0.8769230769230769, 0.8769230769230769, 0.8837209302325583, 0.8837209302325583, 0.9047619047619048, 0.912, 0.912, 0.9193548387096774, 0.9] 
t2 = [0, 4.3380444049835205, 6.12359619140625, 8.057743072509766, 10.22481393814087, 12.022043943405151, 14.31977105140686, 16.148736238479614, 18.11698818206787, 20.349470615386963, 22.128092527389526, 24.062820196151733, 26.279963731765747, 28.03011989593506, 30.000882863998413, 32.17050790786743, 34.097890853881836, 36.326749086380005, 38.08848285675049, 40.04118728637695, 42.218655824661255, 44.00294589996338, 46.310689210891724, 48.100728273391724, 50.03516936302185, 52.22243690490723, 54.0001335144043, 56.34097743034363, 58.09675621986389] 
q2 = [0.72992700729927, 0.7391304347826088, 0.72992700729927, 0.72992700729927, 0.72992700729927, 0.7391304347826088, 0.7391304347826088, 0.7391304347826088, 0.7391304347826088, 0.7482014388489209, 0.7482014388489209, 0.7391304347826088, 0.7482014388489209, 0.7571428571428571, 0.7659574468085106, 0.7659574468085106, 0.7746478873239437, 0.7746478873239437, 0.7801418439716312, 0.776978417266187, 0.7883211678832117, 0.8059701492537312, 0.8181818181818182, 0.8372093023255814, 0.8503937007874016, 0.870967741935484, 0.8780487804878048, 0.9075630252100839, 0.9075630252100839] 
t3 = [0, 4.239775896072388, 6.305086851119995, 8.390150785446167, 10.047467470169067, 12.050721406936646, 14.010197877883911, 16.033363103866577, 18.121341228485107, 20.19579315185547, 22.26372218132019, 24.127466917037964, 26.41113781929016, 28.063770055770874, 30.15845513343811, 32.2154974937439, 34.0713369846344, 36.094919204711914, 38.0422420501709, 40.101863622665405, 42.174455642700195, 44.229706048965454, 46.104381799697876, 48.38996410369873, 50.05299496650696, 52.1196711063385, 54.204522132873535, 56.277321100234985, 58.003395795822144] 
q3 = [0.72992700729927, 0.9180327868852459, 0.9180327868852459, 0.9180327868852459, 0.9180327868852459, 0.9180327868852459, 0.9180327868852459, 0.9180327868852459, 0.9180327868852459, 0.9180327868852459, 0.9180327868852459, 0.9180327868852459, 0.9180327868852459, 0.9180327868852459, 0.9180327868852459, 0.9166666666666666, 0.905982905982906, 0.905982905982906, 0.9230769230769231, 0.9230769230769231, 0.9230769230769231, 0.9230769230769231, 0.9152542372881356, 0.9152542372881356, 0.9152542372881356, 0.9152542372881356, 0.9152542372881356, 0.9152542372881356, 0.9152542372881356] 
sameple id : 8
t1 = [0, 4.057234287261963, 6.00026535987854, 8.100431442260742, 10.064775466918945, 12.145045757293701, 14.032364845275879, 16.00321340560913, 18.263371229171753, 20.072996139526367, 22.287871837615967, 24.28752088546753, 26.25221300125122, 28.638739347457886, 30.39747643470764, 32.35084366798401, 34.099345684051514, 36.3545925617218, 38.176915645599365, 40.036877393722534, 42.25666332244873, 44.06461238861084, 46.25547218322754, 48.02058720588684, 50.22782325744629, 52.02920413017273, 54.22576284408569, 56.00198936462402, 58.21524977684021, 60.390835762023926, 62.158971071243286, 64.00746655464172, 66.00284624099731] 
q1 = [0.72992700729927, 0.7659574468085106, 0.7746478873239437, 0.7746478873239437, 0.7832167832167832, 0.8235294117647058, 0.8571428571428571, 0.8854961832061069, 0.8721804511278196, 0.8636363636363635, 0.8549618320610686, 0.8507462686567164, 0.8484848484848485, 0.8484848484848485, 0.8484848484848485, 0.8484848484848485, 0.8549618320610686, 0.8571428571428571, 0.8636363636363635, 0.8636363636363635, 0.8636363636363635, 0.8636363636363635, 0.8636363636363635, 0.8769230769230769, 0.8769230769230769, 0.8837209302325583, 0.8837209302325583, 0.890625, 0.9047619047619048, 0.912, 0.912, 0.9268292682926829, 0.9075630252100839] 
t2 = [0, 4.268974781036377, 6.3302483558654785, 8.009148359298706, 10.505351305007935, 12.059632301330566, 14.075726747512817, 16.045116901397705, 18.49773383140564, 20.401670694351196, 22.053598642349243, 24.10486125946045, 26.26818346977234, 28.209848403930664, 30.129246711730957, 32.74980974197388, 34.461220502853394, 36.06872248649597, 38.06162166595459, 40.36900496482849, 42.01377010345459, 44.08696150779724, 46.055171966552734, 48.409576416015625, 50.50765419006348, 52.03371858596802, 54.18606352806091, 56.43744254112244, 58.33786630630493, 60.09482288360596, 62.062705993652344, 64.01610732078552, 66.07952046394348, 68.06849074363708, 70.12895703315735, 72.0231773853302, 74.11364459991455, 76.03741645812988] 
q2 = [0.72992700729927, 0.7391304347826088, 0.7205882352941178, 0.7391304347826088, 0.7391304347826088, 0.72992700729927, 0.7391304347826088, 0.7391304347826088, 0.7391304347826088, 0.7391304347826088, 0.7391304347826088, 0.7391304347826088, 0.7391304347826088, 0.7482014388489209, 0.7482014388489209, 0.7482014388489209, 0.7482014388489209, 0.7482014388489209, 0.7482014388489209, 0.7571428571428571, 0.7659574468085106, 0.7659574468085106, 0.7659574468085106, 0.7746478873239437, 0.7746478873239437, 0.7659574468085106, 0.776978417266187, 0.7826086956521738, 0.7999999999999999, 0.8059701492537312, 0.8181818181818182, 0.8372093023255814, 0.8503937007874016, 0.870967741935484, 0.870967741935484, 0.8925619834710743, 0.9075630252100839, 0.9075630252100839] 
t3 = [0, 4.228968858718872, 6.28321099281311, 8.340483665466309, 10.009554386138916, 12.137548685073853, 14.037514209747314, 16.24353051185608, 18.311961889266968, 20.015751838684082, 22.091129064559937, 24.15484642982483, 26.032079458236694, 28.275033712387085, 30.09858989715576, 32.45333814620972, 34.3140025138855, 36.12558698654175, 38.462268352508545, 40.23783040046692, 42.05595636367798, 44.23631954193115, 46.02257537841797, 48.076974868774414, 50.27479410171509, 52.39996695518494, 54.63508677482605, 56.42603087425232, 58.51992082595825, 60.7599196434021, 62.153382778167725, 64.11360383033752] 
q3 = [0.72992700729927, 0.9180327868852459, 0.9180327868852459, 0.9180327868852459, 0.9180327868852459, 0.9180327868852459, 0.9180327868852459, 0.9180327868852459, 0.9180327868852459, 0.9180327868852459, 0.9180327868852459, 0.9180327868852459, 0.9180327868852459, 0.9180327868852459, 0.9180327868852459, 0.9090909090909091, 0.9152542372881356, 0.905982905982906, 0.9230769230769231, 0.9230769230769231, 0.9230769230769231, 0.9230769230769231, 0.9230769230769231, 0.9152542372881356, 0.9152542372881356, 0.9152542372881356, 0.9152542372881356, 0.9152542372881356, 0.9152542372881356, 0.9152542372881356, 0.9152542372881356, 0.9152542372881356] 
sameple id : 9
t1 = [0, 4.029708385467529, 6.015609264373779, 8.002339839935303, 10.081995487213135, 12.143561601638794, 14.079877853393555, 16.00874972343445, 18.072898626327515, 20.01986861228943, 22.385432720184326, 24.41454553604126, 26.304587602615356, 28.409271717071533, 30.306539058685303, 32.23129415512085, 34.16127324104309, 36.40869498252869, 38.054829597473145, 40.3683443069458, 42.10636305809021, 44.527353048324585, 46.09692978858948, 48.39349365234375, 50.30216884613037, 52.23688554763794, 54.26537609100342, 56.41605520248413, 58.39287734031677, 60.3643913269043, 62.49875831604004, 64.1971185207367, 66.4927442073822, 68.43320775032043, 70.02336835861206, 72.03017449378967] 
q1 = [0.72992700729927, 0.7659574468085106, 0.7659574468085106, 0.7571428571428571, 0.7746478873239437, 0.7943262411347518, 0.8484848484848485, 0.8702290076335878, 0.8787878787878789, 0.8721804511278196, 0.8636363636363635, 0.8549618320610686, 0.8507462686567164, 0.8484848484848485, 0.8549618320610686, 0.8484848484848485, 0.8549618320610686, 0.8571428571428571, 0.8636363636363635, 0.8636363636363635, 0.8636363636363635, 0.8636363636363635, 0.8636363636363635, 0.8636363636363635, 0.8702290076335878, 0.8769230769230769, 0.8769230769230769, 0.8837209302325583, 0.8837209302325583, 0.890625, 0.9047619047619048, 0.912, 0.912, 0.912, 0.9090909090909091, 0.9152542372881356] 
t2 = [0, 4.22096586227417, 6.1931517124176025, 8.158798933029175, 10.134508848190308, 12.125066995620728, 14.132712841033936, 16.086309671401978, 18.108272552490234, 20.08646035194397, 22.223214626312256, 24.075644493103027, 26.115214586257935, 28.096606254577637, 30.026637315750122, 32.39230823516846, 34.35612225532532, 36.36439108848572, 38.4176824092865, 40.34684729576111, 42.27588415145874, 44.25413680076599, 46.22679805755615, 48.23041105270386, 50.224358558654785, 52.25256133079529, 54.26860976219177, 56.285088777542114, 58.25200390815735, 60.23362588882446, 62.31576085090637, 64.41000509262085, 66.01036357879639] 
q2 = [0.72992700729927, 0.7391304347826088, 0.7205882352941178, 0.7391304347826088, 0.7391304347826088, 0.72992700729927, 0.7391304347826088, 0.7391304347826088, 0.7391304347826088, 0.7391304347826088, 0.7482014388489209, 0.7482014388489209, 0.7391304347826088, 0.7482014388489209, 0.7482014388489209, 0.7571428571428571, 0.7659574468085106, 0.7659574468085106, 0.7659574468085106, 0.7746478873239437, 0.7746478873239437, 0.7714285714285714, 0.776978417266187, 0.7883211678832117, 0.8059701492537312, 0.8181818181818182, 0.8372093023255814, 0.8503937007874016, 0.870967741935484, 0.870967741935484, 0.8925619834710743, 0.9075630252100839, 0.9075630252100839] 
t3 = [0, 4.033257007598877, 6.385633230209351, 8.20132303237915, 10.06543517112732, 12.342719078063965, 14.108959913253784, 16.002772092819214, 18.165649890899658, 20.4357488155365, 22.482313871383667, 24.620052099227905, 26.236990213394165, 28.008232355117798, 30.120967388153076, 32.01338601112366, 34.375365018844604, 36.245474338531494, 38.12283515930176, 40.39570593833923, 42.23876094818115, 44.05711770057678, 46.00192832946777, 48.16463613510132, 50.664498805999756, 52.1681809425354, 54.26835489273071, 56.061614990234375, 58.12840247154236, 60.010645151138306, 62.0494339466095, 64.24246716499329, 66.18396615982056, 68.11676502227783, 70.56492590904236, 72.1240611076355, 74.15182423591614] 
q3 = [0.72992700729927, 0.9180327868852459, 0.9180327868852459, 0.9180327868852459, 0.9180327868852459, 0.9180327868852459, 0.9180327868852459, 0.9180327868852459, 0.9180327868852459, 0.9180327868852459, 0.9180327868852459, 0.9180327868852459, 0.9180327868852459, 0.9180327868852459, 0.9180327868852459, 0.9180327868852459, 0.9180327868852459, 0.9180327868852459, 0.9180327868852459, 0.9090909090909091, 0.9075630252100839, 0.905982905982906, 0.9152542372881356, 0.9230769230769231, 0.9230769230769231, 0.9230769230769231, 0.9230769230769231, 0.9230769230769231, 0.9152542372881356, 0.9152542372881356, 0.9152542372881356, 0.9152542372881356, 0.9152542372881356, 0.9152542372881356, 0.9152542372881356, 0.9152542372881356, 0.9152542372881356] 
