sameple id : 0
t1 = [0.5523700714111328, 20.014058589935303, 30.113802909851074, 40.006450176239014, 50.38694882392883, 60.244991064071655, 70.19057559967041, 80.10722827911377, 90.03920578956604, 100.38729977607727] 
q1 = [0, 0.688, 0.7457627118644068, 0.810344827586207, 0.815450643776824, 0.8189655172413793, 0.8333333333333333, 0.8444444444444443, 0.8558558558558559, 0.8715596330275228] 
t2 = [0.5191318988800049, 20.169562101364136, 30.289042472839355, 40.45678949356079, 50.12115836143494, 60.04466676712036, 70.13427710533142, 80.462149143219, 90.39357852935791] 
q2 = [0.6666666666666666, 0.6904761904761906, 0.7040000000000001, 0.7183673469387755, 0.7407407407407407, 0.7563025210084032, 0.7692307692307693, 0.7947598253275108, 0.8034934497816593] 
t3 = [0.4949040412902832, 20.16276741027832, 30.076670169830322, 40.05958366394043, 50.486183166503906, 60.40372037887573, 70.39124727249146, 80.0451455116272, 90.01417851448059, 100.16409015655518] 
q3 = [0, 0.8296943231441047, 0.8333333333333333, 0.8407079646017699, 0.8482142857142857, 0.852017937219731, 0.8597285067873303, 0.8837209302325582, 0.8785046728971962, 0.8867924528301887] 
sameple id : 1
t1 = [0.540802001953125, 20.158613920211792, 30.162449836730957, 40.008827447891235, 50.19829869270325, 60.16154980659485, 70.45388126373291, 80.3860092163086, 90.25211834907532, 100.13426470756531] 
q1 = [0, 0.738095238095238, 0.7563025210084034, 0.7965367965367965, 0.8370044052863436, 0.84070796460177, 0.8482142857142857, 0.8520179372197308, 0.8636363636363636, 0.8715596330275229] 
t2 = [0.5017900466918945, 20.19934892654419, 30.42170214653015, 40.07936215400696, 50.11363482475281, 60.238099813461304, 70.44774079322815, 80.18748569488525, 90.27182865142822] 
q2 = [0.6692607003891051, 0.6984126984126983, 0.7183673469387755, 0.7325102880658436, 0.7468879668049793, 0.7563025210084034, 0.7758620689655172, 0.8034934497816594, 0.8214285714285714] 
t3 = [0.5810060501098633, 20.395437955856323, 30.237462759017944, 40.1195170879364, 50.23514008522034, 60.44417405128479, 70.17604207992554, 80.21825313568115, 90.30961489677429, 100.15337443351746] 
q3 = [0, 0.8520179372197308, 0.8597285067873304, 0.8715596330275229, 0.8755760368663597, 0.8796296296296295, 0.8920187793427231, 0.8962264150943396, 0.9090909090909092, 0.9178743961352658] 
sameple id : 2
t1 = [0.6054987907409668, 20.1352117061615, 30.079597234725952, 40.14685249328613, 50.520031213760376, 60.163731813430786, 70.1118438243866, 80.00793075561523, 90.47291254997253, 100.05710291862488] 
q1 = [0, 0.7415730337078652, 0.7769230769230768, 0.7951807228915663, 0.8320000000000001, 0.8421052631578947, 0.8571428571428572, 0.8641975308641975, 0.8870292887029287, 0.8907563025210083] 
t2 = [0.6916260719299316, 20.192946910858154, 30.144248723983765, 40.33189058303833, 50.43958258628845, 60.065112590789795, 70.1455807685852, 80.33368277549744, 90.4697151184082] 
q2 = [0.691449814126394, 0.7251908396946565, 0.7413127413127414, 0.7548638132295719, 0.7704280155642023, 0.7888446215139443, 0.7951807228915663, 0.8048780487804879, 0.8196721311475409] 
t3 = [0.5457460880279541, 20.35937261581421, 30.265986442565918, 40.31171774864197, 50.39005160331726, 60.372543811798096, 70.31104016304016, 80.28854274749756, 90.389888048172, 100.41179466247559] 
q3 = [0, 0.856, 0.8629032258064516, 0.8663967611336032, 0.8916666666666667, 0.895397489539749, 0.9029535864978903, 0.9145299145299145, 0.9224137931034483, 0.9344978165938864] 
sameple id : 3
t1 = [0.6137590408325195, 20.03685736656189, 30.024433374404907, 40.01625418663025, 50.260348320007324, 60.4238178730011, 70.08833646774292, 80.11886715888977, 90.02314114570618, 100.40258884429932] 
q1 = [0.7235494880546075, 0.7732342007434945, 0.7906976744186047, 0.8395061728395062, 0.8688524590163934, 0.8688524590163934, 0.8688524590163934, 0.884297520661157, 0.8796680497925311, 0.8945147679324895] 
t2 = [0.6685340404510498, 20.313517093658447, 30.244044542312622, 40.38942909240723, 50.154261112213135, 60.19397592544556, 70.27830958366394, 80.38770604133606, 90.05989813804626] 
q2 = [0.7253521126760564, 0.7410071942446043, 0.7509025270758123, 0.7664233576642335, 0.7790262172284644, 0.7969348659003831, 0.806201550387597, 0.8156862745098039, 0.8221343873517786] 
t3 = [0.5616888999938965, 20.214456796646118, 30.37148880958557, 40.036046743392944, 50.16166138648987, 60.01772165298462, 70.14451885223389, 80.25946474075317, 90.44389057159424, 100.04630947113037] 
q3 = [0.7235494880546075, 0.8653061224489796, 0.8653061224489796, 0.8760330578512396, 0.8833333333333332, 0.8945147679324895, 0.902127659574468, 0.9098712446351932, 0.9217391304347826, 0.933920704845815] 
sameple id : 4
t1 = [0.594857931137085, 20.123727798461914, 30.063127279281616, 40.007728099823, 50.301276445388794, 60.03902745246887, 70.23229336738586, 80.04626798629761, 90.22408962249756, 100.00168013572693] 
q1 = [0, 0.7389558232931727, 0.7468879668049793, 0.7739130434782608, 0.8245614035087719, 0.8266666666666667, 0.8266666666666667, 0.8303571428571429, 0.8430493273542601, 0.8623853211009173] 
t2 = [0.6662461757659912, 20.182068586349487, 30.04252600669861, 40.017910957336426, 50.423988819122314, 60.04269623756409, 70.08131313323975, 80.31037712097168, 90.14633965492249] 
q2 = [0.7003891050583657, 0.7200000000000001, 0.7338709677419355, 0.7325102880658436, 0.743801652892562, 0.771186440677966, 0.8, 0.8193832599118943, 0.8193832599118943] 
t3 = [0.5465438365936279, 20.276358127593994, 30.423627138137817, 40.33239793777466, 50.08420395851135, 60.331072092056274, 70.24597406387329, 80.3709659576416, 90.25351595878601, 100.115886926651] 
q3 = [0, 0.8245614035087719, 0.8245614035087719, 0.831858407079646, 0.8392857142857143, 0.8623853211009173, 0.8663594470046082, 0.8867924528301887, 0.8995215311004785, 0.9038461538461539] 
sameple id : 5
t1 = [0.5894920825958252, 20.12993335723877, 30.12917733192444, 40.00903630256653, 50.30457425117493, 60.30056309700012, 70.16813802719116, 80.00855135917664, 90.30264067649841, 100.25250434875488] 
q1 = [0, 0.7355371900826446, 0.7586206896551723, 0.8, 0.8303571428571428, 0.8416289592760181, 0.8493150684931507, 0.8493150684931507, 0.8571428571428571, 0.8732394366197184] 
t2 = [0.6687538623809814, 20.028427600860596, 30.003870010375977, 40.1060426235199, 50.01178693771362, 60.22407650947571, 70.00424551963806, 80.37257099151611, 90.06330394744873] 
q2 = [0.6482213438735178, 0.6861924686192468, 0.6974789915966387, 0.7264957264957264, 0.7423580786026199, 0.7610619469026548, 0.7767857142857142, 0.7892376681614349, 0.8125000000000001] 
t3 = [0.5676591396331787, 20.075665712356567, 30.281391382217407, 40.42291069030762, 50.049461364746094, 60.15332293510437, 70.1666054725647, 80.30822920799255, 90.11388492584229, 100.27821922302246] 
q3 = [0, 0.8558139534883721, 0.8518518518518517, 0.8558139534883721, 0.8679245283018868, 0.8761904761904762, 0.8846153846153847, 0.888888888888889, 0.9019607843137254, 0.9154228855721392] 
sameple id : 6
t1 = [0.5942690372467041, 20.091434001922607, 30.175621271133423, 40.02417302131653, 50.23254632949829, 60.18094325065613, 70.1636893749237, 80.0952365398407, 90.41352534294128, 100.33102464675903] 
q1 = [0.71280276816609, 0.753731343283582, 0.78125, 0.8178137651821863, 0.8492063492063493, 0.8492063492063493, 0.852589641434263, 0.856, 0.8663967611336032, 0.8629032258064516] 
t2 = [0.6572439670562744, 20.395999908447266, 30.203408002853394, 40.032092809677124, 50.0168080329895, 60.277963399887085, 70.03968667984009, 80.28999948501587, 90.02773261070251] 
q2 = [0.7092198581560284, 0.7220216606498195, 0.7352941176470589, 0.7527675276752768, 0.7669172932330827, 0.7816091954022988, 0.7906976744186047, 0.8, 0.8127490039840637] 
t3 = [0.546177864074707, 20.06834650039673, 30.173877954483032, 40.335134983062744, 50.276177167892456, 60.46071410179138, 70.31322884559631, 80.09686136245728, 90.32041454315186, 100.10356116294861] 
q3 = [0.71280276816609, 0.8333333333333333, 0.8412698412698413, 0.8399999999999999, 0.8571428571428572, 0.875, 0.8823529411764706, 0.8898305084745763, 0.9051724137931034, 0.9210526315789473] 
sameple id : 7
t1 = [0.57576584815979, 20.05176615715027, 30.0112202167511, 40.0082848072052, 50.06632971763611, 60.36007571220398, 70.31908845901489, 80.43634605407715, 90.17684984207153, 100.2762086391449] 
q1 = [0, 0.7413127413127412, 0.7901234567901234, 0.8305084745762712, 0.8559322033898306, 0.8559322033898306, 0.8559322033898306, 0.8744588744588745, 0.8706896551724138, 0.8859649122807018] 
t2 = [0.6511681079864502, 20.376792907714844, 30.037683963775635, 40.42776799201965, 50.34793829917908, 60.311885595321655, 70.11801218986511, 80.37029480934143, 90.29961943626404] 
q2 = [0.6666666666666667, 0.7003891050583656, 0.7109375, 0.732283464566929, 0.7560975609756097, 0.768595041322314, 0.7848101265822783, 0.7966101694915254, 0.8170212765957447] 
t3 = [0.5549740791320801, 20.019859075546265, 30.177412748336792, 40.329899072647095, 50.01239895820618, 60.20786428451538, 70.39766716957092, 80.20728993415833, 90.33620595932007, 100.13067412376404] 
q3 = [0, 0.8733624454148472, 0.8771929824561404, 0.8888888888888888, 0.900900900900901, 0.9090909090909091, 0.9090909090909091, 0.91324200913242, 0.9174311926605504, 0.9166666666666667] 
sameple id : 8
t1 = [0.5451009273529053, 20.066038131713867, 30.176915645599365, 40.019733905792236, 50.11988043785095, 60.28509783744812, 70.07165169715881, 80.21331238746643, 90.26141452789307, 100.36333990097046] 
q1 = [0.7474747474747475, 0.7896678966789668, 0.8062015503875969, 0.8470588235294119, 0.8392156862745098, 0.8537549407114624, 0.858267716535433, 0.872, 0.8790322580645161, 0.8852459016393442] 
t2 = [0.6087207794189453, 20.015143394470215, 30.308283805847168, 40.13999152183533, 50.12508487701416, 60.140543699264526, 70.29550576210022, 80.00812983512878, 90.33798265457153] 
q2 = [0.7279151943462896, 0.7509025270758123, 0.7720588235294119, 0.7822878228782287, 0.7969924812030076, 0.8199233716475097, 0.8262548262548263, 0.8404669260700388, 0.8571428571428571] 
t3 = [0.5087180137634277, 20.132404804229736, 30.390111684799194, 40.03892517089844, 50.36419606208801, 60.06892275810242, 70.26822710037231, 80.07351040840149, 90.01725172996521, 100.05210423469543] 
q3 = [0.7474747474747475, 0.8616600790513835, 0.872, 0.8755020080321285, 0.8897959183673468, 0.897119341563786, 0.9083333333333333, 0.9121338912133892, 0.923728813559322, 0.927659574468085] 
sameple id : 9
t1 = [0.5294380187988281, 20.110140323638916, 30.182186126708984, 40.021422386169434, 50.401307106018066, 60.016642570495605, 70.12058925628662, 80.21916890144348, 90.26547861099243, 100.01942682266235] 
q1 = [0, 0.71875, 0.7540983606557377, 0.814516129032258, 0.8278688524590163, 0.8312757201646092, 0.8381742738589211, 0.8559322033898304, 0.8632478632478633, 0.8658008658008659] 
t2 = [0.6571409702301025, 20.29120945930481, 30.364834785461426, 40.280734062194824, 50.13734436035156, 60.399303913116455, 70.12031722068787, 80.046560049057, 90.31991744041443] 
q2 = [0.7011070110701108, 0.7175572519083969, 0.7237354085603113, 0.7450980392156863, 0.7661290322580645, 0.7901234567901235, 0.8099173553719008, 0.8151260504201682, 0.8185654008438819] 
t3 = [0.4986739158630371, 20.320112943649292, 30.125412464141846, 40.201383113861084, 50.19816780090332, 60.25085210800171, 70.10916042327881, 80.33640027046204, 90.34260559082031, 100.00403928756714] 
q3 = [0, 0.8292682926829269, 0.8360655737704917, 0.8395061728395061, 0.8499999999999999, 0.8717948717948717, 0.8869565217391304, 0.9107142857142857, 0.9272727272727272, 0.9223744292237444] 
