[0.67114029]
[0.37279712]
[0.67114029]
[0.67114029]
[0.73753449]
[0.59215106]
[0.51818054]
[0.59215106]
[0.52575686]
[0.37279712]
[0.73753449]
[0.73753449]
[0.67114029]
[0.51818054]
[0.58457474]
[0.73753449]
[0.73753449]
[0.37279712]
[0.73753449]
[0.73753449]
[0.59215106]
[0.52575686]
[0.37279712]
[0.67114029]
[0.51818054]
[0.73753449]
[0.52575686]
[0.43919131]
[0.67114029]
[0.59215106]
[0.73753449]
[0.73753449]
[0.58457474]
[0.59215106]
[0.52575686]
[0.73753449]
[0.67114029]
[0.58457474]
[0.58457474]
[0.37279712]
[0.67114029]
[0.52575686]
[0.58457474]
[0.58457474]
[0.43919131]
[0.58457474]
[0.37279712]
[0.73753449]
[0.51818054]
[0.59215106]
[0.51818054]
[0.37279712]
[0.73753449]
[0.43919131]
[0.37279712]
[0.52575686]
[0.73753449]
[0.52575686]
[0.37279712]
[0.73753449]
[0.58457474]
[0.58457474]
[0.73753449]
[0.43919131]
[0.73753449]
[0.67114029]
[0.73753449]
[0.51818054]
[0.51818054]
[0.73753449]
[0.73753449]
[0.52575686]
[0.52575686]
[0.73753449]
[0.51818054]
[0.37279712]
[0.52575686]
[0.52575686]
[0.58457474]
[0.52575686]
[0.67114029]
[0.67114029]
[0.52575686]
[0.67114029]
[0.37279712]
[0.73753449]
[0.59215106]
[0.52575686]
[0.67114029]
[0.52575686]
[0.73753449]
[0.73753449]
[0.73753449]
[0.59215106]
[0.58457474]
[0.67114029]
[0.59215106]
[0.51818054]
[0.43919131]
[0.51818054]
[0.52575686]
[0.67114029]
[0.43919131]
[0.37279712]
[0.37279712]
[0.73753449]
[0.67114029]
[0.52575686]
[0.43919131]
[0.37279712]
[0.73753449]
[0.51818054]
[0.58457474]
[0.52575686]
[0.67114029]
[0.73753449]
[0.67114029]
[0.73753449]
[0.59215106]
[0.59215106]
[0.73753449]
[0.59215106]
[0.58457474]
[0.73753449]
[0.58457474]
[0.67114029]
[0.52575686]
[0.73753449]
[0.67114029]
[0.51818054]
[0.58457474]
[0.73753449]
[0.67114029]
[0.73753449]
[0.52575686]
[0.73753449]
[0.58457474]
[0.52575686]
[0.58457474]
[0.37279712]
[0.67114029]
[0.52575686]
[0.67114029]
[0.59215106]
[0.37279712]
[0.67114029]
[0.37279712]
[0.52575686]
[0.51818054]
[0.73753449]
[0.59215106]
[0.58457474]
[0.73753449]
[0.43919131]
[0.52575686]
[0.58457474]
[0.51818054]
[0.52575686]
[0.58457474]
[0.73753449]
[0.67114029]
[0.58457474]
[0.73753449]
[0.37279712]
[0.73753449]
[0.67114029]
[0.73753449]
[0.73753449]
[0.59215106]
[0.52575686]
[0.73753449]
[0.51818054]
[0.67114029]
[0.67114029]
[0.52575686]
[0.51818054]
[0.59215106]
[0.73753449]
[0.73753449]
[0.73753449]
[0.43919131]
[0.37279712]
[0.37279712]
[0.58457474]
[0.59215106]
[0.73753449]
[0.52575686]
[0.52575686]
[0.67114029]
[0.59215106]
[0.52575686]
[0.67114029]
[0.59215106]
[0.59215106]
[0.73753449]
[0.52575686]
[0.67114029]
[0.73753449]
[0.52575686]
[0.43919131]
[2.67427761e-11]
[1.19721342e-15]
[1.51644949e-27]
[1.40860633e-29]
[8.27836993e-45]
[2.21726491e-06]
[2.50126629e-20]
[1.6445352e-29]
[2.96406291e-33]
[6.73506144e-15]
[8.59366363e-32]
[1.18329495e-34]
[5.8831517e-17]
[3.43530015e-28]
[1.12956316e-33]
[1.17991528e-23]
[2.81785189e-35]
[8.26003144e-35]
[2.78584653e-19]
[7.17389676e-26]
[1.37625029e-33]
[1.46284368e-26]
[1.21818426e-47]
[1.66953998e-21]
[1.20683269e-26]
[3.86567146e-27]
[8.8808678e-07]
[1.09421715e-25]
[2.22704774e-29]
[0.07685019]
[1.1592664e-21]
[1.29058132e-24]
[7.47557427e-23]
[9.54723214e-19]
[0.95788057]
[8.54838474e-17]
[7.28065145e-32]
[1.74724296e-28]
[2.72367058e-26]
[2.88770082e-18]
[2.72991155e-31]
[3.45045982e-25]
[6.30937184e-25]
[3.79233419e-26]
[1.56740793e-26]
[5.85736003e-16]
[1.28327507e-33]
[1.62585774e-19]
[1.97489064e-28]
[9.55651729e-21]
[3.18725485e-12]
[3.1611411e-21]
[2.95135181e-21]
[3.57977124e-08]
[1.96638174e-40]
[2.71362121e-25]
[2.42565868e-20]
[2.12638589e-24]
[1.09526106e-12]
[1.98625778e-23]
[1.31601482e-20]
[6.26950219e-38]
[3.2763139e-16]
[2.16523541e-25]
[8.93487891e-18]
[2.59587107e-23]
[5.61870894e-17]
[2.59607625e-35]
[3.89020739e-29]
[2.68659614e-18]
[1.76062985e-23]
[1.37421407e-27]
[5.63916063e-26]
[3.07019577e-27]
[2.98170302e-14]
[1.73227266e-28]
[1.21507297e-28]
[6.96832089e-32]
[1.774277e-26]
[1.68389748e-24]
[3.03346027e-38]
[7.99331026e-20]
[3.54429659e-28]
[5.86907199e-32]
[5.91997008e-17]
[1.269467e-40]
[8.39767402e-17]
[2.29954619e-30]
[7.31828232e-26]
[1.35995672e-29]
[9.28906278e-22]
[2.04510641e-50]
[1.73106317e-31]
[3.36302228e-10]
[1.99422761e-27]
[2.44766431e-12]
[5.29164234e-29]
[3.1275236e-24]
[1.70996422e-32]
[3.96155352e-27]
[1.68690578e-19]
[1.83113438e-17]
[3.16597661e-32]
[2.18178665e-05]
[1.97155067e-23]
[2.90552443e-30]
[5.1367393e-15]
[1.56150425e-29]
[3.80003787e-25]
[3.08046027e-20]
[2.30653572e-20]
[3.22722204e-36]
[7.89904388e-24]
[2.99979517e-15]
[2.36017967e-33]
[4.65508732e-26]
[1.45601306e-31]
[1.3196629e-07]
[0.12519702]
[1.2148366e-31]
[5.65789414e-36]
[2.45926615e-25]
[1.18974422e-28]
[5.7678694e-23]
[2.29680867e-23]
[2.0814965e-18]
[2.2657559e-25]
[5.0775551e-29]
[1.84029165e-22]
[1.61936485e-11]
[1.01497813e-33]
[1.25950359e-25]
[1.2855557e-36]
[1.03478777e-26]
[1.7756853e-26]
[3.13544538e-40]
[7.697883e-40]
[4.82721787e-38]
[3.19647672e-09]
[4.57628512e-09]
[3.67802457e-18]
[3.93586865e-19]
[2.49009357e-27]
[1.63289698e-20]
[8.04656451e-28]
[1.29943756e-24]
[1.37579132e-22]
[4.44421113e-38]
[2.10252576e-29]
[2.52270159e-26]
[3.89679482e-22]
[1.76556309e-28]
[5.92996053e-26]
[1.39154973e-33]
[1.32016404e-18]
[1.34213964e-10]
[5.36644612e-17]
[5.01861223e-21]
[6.57361687e-29]
[6.3284242e-22]
[3.8759968e-20]
[1.1196108e-23]
[1.87662025e-29]
[5.8388062e-27]
[5.877216e-32]
[3.57895545e-17]
[5.65143508e-26]
[8.32591419e-28]
[9.46529182e-30]
[1.17282304e-21]
[4.05651112e-30]
[6.99463479e-09]
[1.85117548e-31]
[8.00880328e-25]
[1.84905461e-22]
[1.12723518e-29]
[4.19442751e-28]
[2.476888e-30]
[8.60457139e-27]
[1.56133558e-23]
[2.98076663e-25]
[7.15277977e-17]
[3.66618679e-13]
[1.23033928e-18]
[5.66847487e-20]
[6.3134441e-28]
[2.48867046e-16]
[6.49938983e-31]
[2.09264577e-21]
[4.14431913e-22]
[4.79215252e-26]
[4.05295218e-32]
[1.68112358e-08]
[2.81928433e-29]
[7.39112999e-31]
[1.40775637e-25]
[7.22458102e-21]
[4.53158966e-27]
[6.41497476e-10]
[3.14864253e-33]
size of answer set : 2
real F1 : 0.000000
budget values : [0, 4, 8, 12, 16, 20, 24, 28, 32, 36, 40, 44, 48, 52, 56, 60] 
f1 measures : [0, 0, 0, 0, 0, 0.07692307692307693, 0.07692307692307693, 0.07692307692307693, 0.08, 0.07692307692307693, 0.07692307692307693, 0.14814814814814814, 0.14285714285714285, 0.14285714285714285, 0.14285714285714285, 0.14285714285714285] 
Workflow1 : [<function genderPredicate3 at 0x114245c08>, <function genderPredicate1 at 0x114245b90>, <function genderPredicate7 at 0x114245cf8>] 
Workflow2 : [<function expressionPredicate1 at 0x114245d70>, <function expressionPredicate3 at 0x114245de8>, <function expressionPredicate7 at 0x114245ed8>] 
Time taken: 39.638448, f1 measure of the answer set: 0.142857, precision:0.499928, recall:0.674606
