sameple id : 0
t1 = [0.39768195152282715, 8.116379261016846, 12.13377070426941, 16.014262437820435, 20.490662813186646, 24.099276065826416, 28.34561538696289, 32.33554792404175, 36.120481729507446, 40.0586371421814, 44.328264474868774, 48.29216647148132, 52.29142212867737, 56.186068058013916, 60.34891700744629, 64.22640419006348] 
q1 = [0.7092198581560284, 0.7518796992481203, 0.787878787878788, 0.8, 0.8188976377952756, 0.8253968253968255, 0.8253968253968255, 0.832, 0.8455284552845529, 0.8455284552845529, 0.8524590163934427, 0.8739495798319328, 0.8739495798319328, 0.8813559322033898, 0.888888888888889, 0.9043478260869565] 
t2 = [0.24352478981018066, 8.052568674087524, 12.112497806549072, 16.002599000930786, 20.06009340286255, 24.006457805633545, 28.0109441280365, 32.18796253204346, 36.079190492630005, 40.27996373176575, 44.105491161346436, 48.011231422424316, 52.24734282493591, 56.4547963142395, 60.42459511756897, 64.02997779846191] 
q2 = [0.7092198581560284, 0.7246376811594203, 0.7352941176470588, 0.7407407407407407, 0.7518796992481203, 0.7575757575757575, 0.7692307692307693, 0.7751937984496124, 0.78125, 0.8031496062992126, 0.8188976377952756, 0.832, 0.8524590163934427, 0.8739495798319328, 0.896551724137931, 0.9122807017543859] 
t3 = [0.24091005325317383, 8.230727672576904, 12.038100957870483, 16.309197187423706, 20.258885383605957, 24.09743857383728, 28.10672664642334, 32.13878130912781, 36.042760133743286, 40.043115854263306, 44.11471939086914, 48.28578734397888, 52.12680172920227, 56.36356472969055, 60.12715673446655, 64.13141703605652] 
q3 = [0.7092198581560284, 0.8062015503875969, 0.8062015503875969, 0.8062015503875969, 0.8062015503875969, 0.8062015503875969, 0.8062015503875969, 0.8062015503875969, 0.8062015503875969, 0.8253968253968255, 0.8455284552845529, 0.896551724137931, 0.9203539823008848, 0.9122807017543859, 0.9043478260869565, 0.9203539823008848] 
sameple id : 1
t1 = [0.29489803314208984, 8.13667368888855, 12.008504390716553, 16.030773639678955, 20.312122106552124, 24.051427125930786, 28.309884786605835, 32.118478775024414, 36.371718406677246, 40.21801257133484, 44.137476682662964, 48.27165484428406, 52.113890647888184, 56.152233362197876, 60.00377368927002] 
q1 = [0.7552447552447552, 0.782608695652174, 0.782608695652174, 0.7737226277372263, 0.8059701492537313, 0.8120300751879699, 0.8307692307692308, 0.8307692307692308, 0.8372093023255813, 0.8372093023255813, 0.8437499999999999, 0.8437499999999999, 0.8503937007874016, 0.8503937007874016, 0.8503937007874016] 
t2 = [0.2578270435333252, 8.043482542037964, 12.194367170333862, 16.099344968795776, 20.329732656478882, 24.14370059967041, 28.248203992843628, 32.10841369628906, 36.235220193862915, 40.0385320186615, 44.3634819984436, 48.32387661933899, 52.209728717803955, 56.1268367767334, 60.15371513366699] 
q2 = [0.7552447552447552, 0.7714285714285715, 0.7883211678832116, 0.8, 0.8120300751879699, 0.8372093023255813, 0.8372093023255813, 0.8437499999999999, 0.8437499999999999, 0.8372093023255813, 0.8503937007874016, 0.8503937007874016, 0.8503937007874016, 0.8503937007874016, 0.8571428571428571] 
t3 = [0.2528998851776123, 8.053969144821167, 12.08108401298523, 16.082134246826172, 20.340749263763428, 24.4658682346344, 28.056732177734375, 32.13144874572754, 36.29508352279663, 40.17028784751892, 44.028523206710815, 48.175737619400024, 52.10503602027893, 56.15426993370056, 60.30387830734253, 64.06569409370422] 
q3 = [0.7552447552447552, 0.8, 0.8, 0.8, 0.8, 0.8, 0.8, 0.8, 0.8, 0.8, 0.8120300751879699, 0.8437499999999999, 0.9, 0.878048780487805, 0.870967741935484, 0.864] 
sameple id : 2
t1 = [0.28118181228637695, 8.049779176712036, 12.110218048095703, 16.01986289024353, 20.09256911277771, 24.399045705795288, 28.15682363510132, 32.27490568161011, 36.1724636554718, 40.01075792312622, 44.03815197944641, 48.43116283416748, 52.26626944541931, 56.39011287689209, 60.25188231468201, 64.06098508834839, 68.25011706352234] 
q1 = [0.704225352112676, 0.7, 0.7164179104477612, 0.7741935483870968, 0.7751937984496124, 0.7751937984496124, 0.7751937984496124, 0.7751937984496124, 0.7812500000000001, 0.7812500000000001, 0.7936507936507937, 0.7936507936507937, 0.8130081300813007, 0.8130081300813007, 0.819672131147541, 0.8403361344537814, 0.8403361344537814] 
t2 = [0.24425601959228516, 8.379636764526367, 12.3623526096344, 16.177898406982422, 20.06994128227234, 24.01323390007019, 28.078609943389893, 32.4594464302063, 36.03378510475159, 40.089364528656006, 44.123027086257935, 48.120352268218994, 52.115352630615234, 56.25601077079773, 60.1596999168396, 64.43185138702393] 
q2 = [0.704225352112676, 0.7142857142857143, 0.7352941176470588, 0.7299270072992701, 0.7407407407407407, 0.7407407407407407, 0.7575757575757575, 0.7633587786259541, 0.7812500000000001, 0.7936507936507937, 0.8064516129032258, 0.8064516129032258, 0.8130081300813007, 0.8264462809917354, 0.8264462809917354, 0.8403361344537814] 
t3 = [0.2830948829650879, 8.0776948928833, 12.205296039581299, 16.132309198379517, 20.219712257385254, 24.38222622871399, 28.130287170410156, 32.256913900375366, 36.44002866744995, 40.13453245162964, 44.27327752113342, 48.36937880516052, 52.013121128082275, 56.39695596694946, 60.14286541938782, 64.0744276046753] 
q3 = [0.704225352112676, 0.7692307692307693, 0.7692307692307693, 0.7692307692307693, 0.7692307692307693, 0.7692307692307693, 0.7692307692307693, 0.7692307692307693, 0.7692307692307693, 0.7692307692307693, 0.8064516129032258, 0.8403361344537814, 0.8695652173913044, 0.8474576271186441, 0.8474576271186441, 0.8547008547008548] 
sameple id : 3
t1 = [0.3004610538482666, 8.063962697982788, 12.080599069595337, 16.125332355499268, 20.01779317855835, 24.428097248077393, 28.028557777404785, 32.085922956466675, 36.34917593002319, 40.085280656814575, 44.16828894615173, 48.397127628326416, 52.10042715072632, 56.26368808746338, 60.45950627326965, 64.4238133430481] 
q1 = [0.6758620689655173, 0.7246376811594203, 0.7205882352941178, 0.7538461538461539, 0.8095238095238095, 0.8160000000000001, 0.8292682926829268, 0.8360655737704918, 0.8360655737704918, 0.85, 0.85, 0.864406779661017, 0.8717948717948718, 0.8717948717948718, 0.8717948717948718, 0.8869565217391304] 
t2 = [0.24078798294067383, 8.106480360031128, 12.063437700271606, 16.04055643081665, 20.328126192092896, 24.12173295021057, 28.03121781349182, 32.304869413375854, 36.1557993888855, 40.14105534553528, 44.09179949760437, 48.45943570137024, 52.45656752586365, 56.16360664367676, 60.42647385597229, 64.1655797958374] 
q2 = [0.6758620689655173, 0.6853146853146853, 0.6950354609929078, 0.7050359712230215, 0.7299270072992701, 0.7352941176470589, 0.7575757575757576, 0.763358778625954, 0.7575757575757576, 0.7751937984496123, 0.7812499999999999, 0.8095238095238095, 0.8225806451612903, 0.8360655737704918, 0.864406779661017, 0.8869565217391304] 
t3 = [0.24627017974853516, 8.220062732696533, 12.133038520812988, 16.42924404144287, 20.455180644989014, 24.222421169281006, 28.02185845375061, 32.351617097854614, 36.16547989845276, 40.001426696777344, 44.15232872962952, 48.039673805236816, 52.12098145484924, 56.218098878860474, 60.202555656433105, 64.09366655349731] 
q3 = [0.6758620689655173, 0.7751937984496123, 0.7751937984496123, 0.7751937984496123, 0.7751937984496123, 0.7751937984496123, 0.7751937984496123, 0.7751937984496123, 0.765625, 0.7777777777777777, 0.8099173553719008, 0.8672566371681416, 0.8849557522123893, 0.8849557522123893, 0.8771929824561403, 0.8869565217391304] 
sameple id : 4
t1 = [0.2897758483886719, 8.057725667953491, 12.166530132293701, 16.004313707351685, 20.027376413345337, 24.330745697021484, 28.06527853012085, 32.07198786735535, 36.005539655685425, 40.01600503921509, 44.14986753463745, 48.00793528556824, 52.157525300979614, 56.263978004455566, 60.260658502578735, 64.13314485549927] 
q1 = [0.7096774193548387, 0.7516778523489933, 0.7746478873239436, 0.8, 0.8549618320610688, 0.8682170542635659, 0.8682170542635659, 0.8750000000000001, 0.8750000000000001, 0.8818897637795275, 0.888888888888889, 0.896, 0.896, 0.896, 0.896, 0.9032258064516129] 
t2 = [0.23181796073913574, 8.389245510101318, 12.342747449874878, 16.34075951576233, 20.353344678878784, 24.37121057510376, 28.275587558746338, 32.155099868774414, 36.37951183319092, 40.1497859954834, 44.2533278465271, 48.01946783065796, 52.565853118896484, 56.30150270462036, 60.01351237297058, 64.08525609970093, 68.12201690673828, 72.36427593231201] 
q2 = [0.7096774193548387, 0.7346938775510204, 0.7346938775510204, 0.7397260273972602, 0.7448275862068966, 0.7692307692307692, 0.7746478873239436, 0.7801418439716312, 0.7971014492753623, 0.8088235294117647, 0.8270676691729324, 0.8461538461538461, 0.8527131782945736, 0.8593749999999999, 0.8593749999999999, 0.8750000000000001, 0.8818897637795275, 0.896] 
t3 = [0.8788189888000488, 8.21767520904541, 13.011585474014282, 16.44957447052002, 20.016011238098145, 24.113246202468872, 28.165449857711792, 32.14256739616394, 38.45149326324463, 40.22877216339111, 46.524959087371826, 48.09602975845337, 52.24448895454407, 56.02025580406189, 60.257142782211304, 64.353435754776, 68.45008778572083, 72.27700090408325, 76.78433680534363, 80.01663899421692, 84.54790663719177, 88.07296967506409, 95.1065194606781, 96.22945642471313, 100.66500663757324, 106.11683559417725, 108.45781970024109, 112.12060332298279, 118.02173185348511, 121.74982690811157, 125.45760583877563, 128.0572271347046, 132.4956865310669, 136.1004502773285] 
q3 = [0.7096774193548387, 0.8484848484848484, 0.8484848484848484, 0.8484848484848484, 0.8484848484848484, 0.8484848484848484, 0.8484848484848484, 0.8484848484848484, 0.8484848484848484, 0.8484848484848484, 0.8484848484848484, 0.8484848484848484, 0.8484848484848484, 0.8484848484848484, 0.8484848484848484, 0.8484848484848484, 0.8484848484848484, 0.8484848484848484, 0.8484848484848484, 0.8484848484848484, 0.8549618320610688, 0.8549618320610688, 0.8549618320610688, 0.8549618320610688, 0.8818897637795275, 0.896, 0.9032258064516129, 0.9032258064516129, 0.9032258064516129, 0.9032258064516129, 0.9032258064516129, 0.9032258064516129, 0.9032258064516129, 0.9032258064516129] 
sameple id : 5
t1 = [0.4580819606781006, 8.086340188980103, 12.062485456466675, 16.688660383224487, 20.02786874771118, 26.4051034450531, 28.326799869537354, 32.102253913879395, 36.318264961242676, 40.09952163696289, 44.01780366897583, 48.223429441452026, 52.461907625198364, 56.136123180389404, 60.45238518714905, 64.1275143623352, 68.09474587440491, 72.21463537216187] 
q1 = [0.7, 0.7313432835820894, 0.7424242424242423, 0.7518796992481204, 0.7812500000000001, 0.8333333333333333, 0.8474576271186441, 0.8474576271186441, 0.8474576271186441, 0.8547008547008548, 0.8547008547008548, 0.8620689655172413, 0.8620689655172413, 0.8620689655172413, 0.8695652173913044, 0.8695652173913044, 0.8695652173913044, 0.8695652173913044] 
t2 = [0.28658604621887207, 8.054445505142212, 12.025790214538574, 16.34683871269226, 20.217617988586426, 24.28072762489319, 28.003480911254883, 32.01217269897461, 36.17117619514465, 40.00796127319336, 44.09813141822815, 48.04889512062073, 52.14657735824585, 56.34301495552063, 60.02341175079346, 64.3586196899414, 68.16510939598083, 72.17338037490845] 
q2 = [0.7, 0.6944444444444444, 0.7259259259259259, 0.7313432835820894, 0.7368421052631579, 0.7480916030534351, 0.7538461538461539, 0.7596899224806202, 0.784, 0.7967479674796748, 0.7967479674796748, 0.8032786885245902, 0.8166666666666667, 0.823529411764706, 0.8474576271186441, 0.8403361344537814, 0.8547008547008548, 0.8695652173913044] 
t3 = [0.28350019454956055, 8.496463298797607, 12.304519176483154, 16.000762462615967, 20.427355766296387, 24.435447692871094, 28.083083391189575, 32.16564702987671, 36.642701387405396, 40.47502541542053, 44.088111877441406, 48.41073489189148, 52.26729607582092, 56.122716426849365, 60.33319449424744, 64.44865274429321, 68.06344366073608, 72.02805304527283] 
q3 = [0.7, 0.819672131147541, 0.819672131147541, 0.819672131147541, 0.819672131147541, 0.819672131147541, 0.819672131147541, 0.819672131147541, 0.819672131147541, 0.8166666666666667, 0.8305084745762712, 0.8771929824561403, 0.9090909090909091, 0.9009009009009009, 0.8849557522123894, 0.8849557522123894, 0.8849557522123894, 0.8695652173913044] 
sameple id : 6
t1 = [0.22379088401794434, 8.09926986694336, 12.151458501815796, 16.01002788543701, 20.348254680633545, 24.363356113433838, 28.07833957672119, 32.118534088134766, 36.31489562988281, 40.08073973655701, 44.3305287361145, 48.10417342185974, 52.31467008590698, 56.08212733268738, 60.42398953437805, 64.23400473594666, 68.2708146572113] 
q1 = [0.7083333333333333, 0.7299270072992701, 0.7352941176470589, 0.7575757575757576, 0.7906976744186047, 0.796875, 0.796875, 0.8095238095238095, 0.8095238095238095, 0.8292682926829268, 0.8429752066115702, 0.8429752066115702, 0.8571428571428571, 0.8571428571428571, 0.8571428571428571, 0.8571428571428571, 0.8793103448275863] 
t2 = [0.23557090759277344, 8.018991231918335, 12.032238006591797, 16.130340576171875, 20.007761478424072, 24.294904470443726, 28.199352979660034, 32.435311794281006, 36.07370185852051, 40.04441285133362, 44.06942415237427, 48.143110513687134, 52.11409568786621, 56.07257652282715, 60.13581562042236, 64.14482522010803, 68.10597825050354] 
q2 = [0.7083333333333333, 0.7132867132867133, 0.7234042553191489, 0.7285714285714285, 0.7338129496402878, 0.7499999999999999, 0.7611940298507462, 0.7727272727272727, 0.7846153846153847, 0.7906976744186047, 0.8031496062992126, 0.8095238095238095, 0.8292682926829268, 0.8360655737704918, 0.8360655737704918, 0.8429752066115702, 0.8717948717948718] 
t3 = [0.21421384811401367, 8.019277811050415, 12.339954376220703, 16.407870054244995, 20.475018739700317, 24.25499677658081, 28.04851269721985, 32.315555810928345, 36.44649291038513, 40.74109721183777, 44.07210445404053, 48.31736636161804, 52.45433163642883, 56.11065077781677, 60.11046886444092, 64.39771103858948, 68.26507592201233] 
q3 = [0.7083333333333333, 0.7846153846153847, 0.7846153846153847, 0.7846153846153847, 0.7846153846153847, 0.7846153846153847, 0.7846153846153847, 0.7846153846153847, 0.7846153846153847, 0.7846153846153847, 0.7846153846153847, 0.8095238095238095, 0.864406779661017, 0.8947368421052632, 0.8793103448275863, 0.8793103448275863, 0.8793103448275863] 
sameple id : 7
t1 = [0.23834896087646484, 8.114745616912842, 12.05618953704834, 16.126097917556763, 20.574617385864258, 24.236615896224976, 28.237824201583862, 32.47981333732605, 36.704946994781494, 40.27307868003845, 44.40050506591797, 48.092188596725464, 52.032503604888916, 56.11593461036682, 60.20474100112915, 64.34506607055664, 68.12774348258972, 72.48161244392395] 
q1 = [0.6056338028169015, 0.6417910447761194, 0.6666666666666666, 0.6833333333333332, 0.7747747747747747, 0.7747747747747747, 0.7747747747747747, 0.7818181818181819, 0.7818181818181819, 0.7889908256880734, 0.7962962962962964, 0.8037383177570093, 0.8113207547169812, 0.8113207547169812, 0.8190476190476191, 0.8269230769230769, 0.8269230769230769, 0.8269230769230769] 
t2 = [0.24496698379516602, 8.351286172866821, 12.403368473052979, 16.412333011627197, 20.00399923324585, 24.04703164100647, 28.122955799102783, 32.099223375320435, 36.42735505104065, 40.02595019340515, 44.5280864238739, 48.054421186447144, 52.1053900718689, 56.09481906890869, 60.11346507072449, 64.55183839797974, 68.41659212112427, 72.03443026542664] 
q2 = [0.6056338028169015, 0.6515151515151515, 0.6615384615384615, 0.671875, 0.6771653543307087, 0.6771653543307087, 0.6935483870967741, 0.7049180327868853, 0.7166666666666666, 0.7226890756302521, 0.735042735042735, 0.7543859649122806, 0.7678571428571428, 0.7610619469026549, 0.7818181818181819, 0.8113207547169812, 0.8190476190476191, 0.8269230769230769] 
t3 = [0.26962804794311523, 8.28980541229248, 12.158007621765137, 16.10010266304016, 20.35588002204895, 24.2259361743927, 28.03959321975708, 32.204142332077026, 36.4114670753479, 40.139859199523926, 44.47914457321167, 48.50673484802246, 52.06621956825256, 56.01007151603699, 60.04789876937866, 64.15686178207397, 68.07751417160034] 
q3 = [0.6056338028169015, 0.7678571428571428, 0.7678571428571428, 0.7678571428571428, 0.7678571428571428, 0.7678571428571428, 0.7678571428571428, 0.7678571428571428, 0.7962962962962964, 0.8037383177570093, 0.8431372549019608, 0.86, 0.86, 0.8349514563106796, 0.8349514563106796, 0.8349514563106796, 0.8269230769230769] 
sameple id : 8
t1 = [0.2489609718322754, 8.04994797706604, 12.121740579605103, 16.04694104194641, 20.29261088371277, 24.444926261901855, 28.15938663482666, 32.488192319869995, 36.283430337905884, 40.151530027389526, 44.398966550827026, 48.248037576675415, 52.34499382972717, 56.06549692153931, 60.91118860244751, 64.08507871627808, 68.386066198349] 
q1 = [0.6973684210526315, 0.7210884353741497, 0.7445255474452553, 0.7428571428571429, 0.8030303030303031, 0.8030303030303031, 0.8091603053435115, 0.8153846153846155, 0.828125, 0.828125, 0.8412698412698413, 0.8412698412698413, 0.8548387096774194, 0.8617886178861789, 0.8617886178861789, 0.8617886178861789, 0.8688524590163935] 
t2 = [0.3586299419403076, 8.030725002288818, 12.15211796760559, 16.147362232208252, 20.03910517692566, 24.454684734344482, 28.350478649139404, 32.390233755111694, 36.252737283706665, 40.04800534248352, 44.01092839241028, 48.455373764038086, 52.21514368057251, 56.323307514190674, 60.06169533729553, 64.03909039497375, 68.01353716850281] 
q2 = [0.6973684210526315, 0.7019867549668874, 0.7162162162162162, 0.7424242424242424, 0.7480916030534351, 0.765625, 0.7716535433070866, 0.762589928057554, 0.7737226277372262, 0.7812499999999999, 0.796875, 0.8188976377952756, 0.816, 0.8320000000000001, 0.8455284552845528, 0.8617886178861789, 0.8617886178861789] 
t3 = [0.2333509922027588, 8.013764381408691, 12.338016986846924, 16.036616563796997, 20.228341579437256, 24.180912017822266, 28.126776695251465, 32.255696296691895, 36.177732706069946, 40.03305673599243, 44.34683442115784, 48.226444482803345, 52.00312924385071, 56.86126708984375, 60.36716556549072, 64.01875281333923, 68.20691251754761] 
q3 = [0.6973684210526315, 0.828125, 0.828125, 0.828125, 0.828125, 0.828125, 0.828125, 0.828125, 0.8412698412698413, 0.8387096774193548, 0.8480000000000001, 0.905982905982906, 0.9137931034482758, 0.8760330578512397, 0.8760330578512397, 0.8760330578512397, 0.8760330578512397] 
sameple id : 9
t1 = [0.34038686752319336, 8.04820442199707, 12.006559133529663, 16.06662893295288, 20.005998849868774, 24.12481665611267, 28.06699013710022, 32.41679310798645, 36.314034938812256, 40.41860008239746, 44.11552166938782, 48.30068063735962, 52.24866271018982, 56.219685316085815, 60.18338179588318, 64.67376732826233, 68.68169140815735] 
q1 = [0.6887417218543047, 0.6944444444444445, 0.7633587786259542, 0.7692307692307693, 0.832, 0.832, 0.832, 0.832, 0.832, 0.8455284552845529, 0.8524590163934427, 0.8739495798319328, 0.8739495798319328, 0.8813559322033898, 0.888888888888889, 0.888888888888889, 0.896551724137931] 
t2 = [0.23697900772094727, 8.443246603012085, 12.042012691497803, 16.35753893852234, 20.00947093963623, 24.09158682823181, 28.00430989265442, 32.10476756095886, 36.31164574623108, 40.17055034637451, 44.312257051467896, 48.269165992736816, 52.11538910865784, 56.45802593231201, 60.291921615600586, 64.20680642127991] 
q2 = [0.6887417218543047, 0.7445255474452553, 0.7611940298507464, 0.7669172932330828, 0.7727272727272727, 0.7786259541984732, 0.7968749999999999, 0.8095238095238095, 0.8095238095238095, 0.8387096774193548, 0.8455284552845529, 0.8524590163934427, 0.8666666666666666, 0.8739495798319328, 0.8739495798319328, 0.888888888888889] 
t3 = [0.2030620574951172, 8.02787470817566, 12.709388256072998, 16.003544569015503, 20.395811319351196, 24.353633880615234, 28.1491060256958, 32.256967544555664, 36.31205487251282, 40.10727071762085, 44.1496946811676, 48.30224299430847, 52.14197492599487, 56.416847944259644, 60.1078085899353, 64.14385318756104] 
q3 = [0.6887417218543047, 0.8125000000000001, 0.8125000000000001, 0.8125000000000001, 0.8125000000000001, 0.8125000000000001, 0.8125000000000001, 0.8125000000000001, 0.8125000000000001, 0.8253968253968255, 0.8524590163934427, 0.9203539823008848, 0.9285714285714286, 0.888888888888889, 0.888888888888889, 0.896551724137931] 
sameple id : 10
t1 = [0.21867704391479492, 8.131737470626831, 12.073004245758057, 16.017319202423096, 20.212887287139893, 24.057694673538208, 28.155207633972168, 32.22240877151489, 36.175516843795776, 40.072949171066284, 44.04169726371765, 48.04928374290466, 52.05448269844055, 56.10627269744873, 60.11025404930115] 
q1 = [0.611111111111111, 0.6716417910447761, 0.7031249999999999, 0.72, 0.743801652892562, 0.7692307692307693, 0.782608695652174, 0.7894736842105263, 0.7964601769911505, 0.7964601769911505, 0.8108108108108109, 0.8181818181818181, 0.8256880733944955, 0.8411214953271028, 0.8490566037735848] 
t2 = [0.18687915802001953, 8.061323404312134, 12.429835081100464, 16.333768129348755, 20.086636781692505, 24.048409700393677, 28.308132886886597, 32.10649299621582, 36.03926944732666, 40.23149657249451, 44.12336730957031, 48.359020471572876, 52.10228157043457, 56.02421855926514, 60.21987533569336] 
q2 = [0.611111111111111, 0.6428571428571429, 0.6617647058823529, 0.6666666666666666, 0.6766917293233083, 0.7031249999999999, 0.7142857142857143, 0.7142857142857143, 0.7317073170731707, 0.7563025210084033, 0.782608695652174, 0.7894736842105263, 0.8148148148148148, 0.8224299065420562, 0.8490566037735848] 
t3 = [0.20585393905639648, 8.24004864692688, 12.047651529312134, 16.03951334953308, 20.358458995819092, 24.037652015686035, 28.275540113449097, 32.31181049346924, 36.06653070449829, 40.19736433029175, 44.4557626247406, 48.067599296569824, 52.19530940055847, 56.33229327201843, 60.24815320968628] 
q3 = [0.611111111111111, 0.7563025210084033, 0.7563025210084033, 0.7563025210084033, 0.7563025210084033, 0.7563025210084033, 0.7563025210084033, 0.7563025210084033, 0.782608695652174, 0.782608695652174, 0.8490566037735848, 0.8490566037735848, 0.8490566037735848, 0.8490566037735848, 0.8490566037735848] 
sameple id : 11
t1 = [0.23865103721618652, 8.132476091384888, 12.038668870925903, 16.013095140457153, 20.3494234085083, 24.185706615447998, 28.323724269866943, 32.28948950767517, 36.325010776519775, 40.20381212234497, 44.12016320228577, 48.221718072891235, 52.08805966377258, 56.00516676902771, 60.407774448394775] 
q1 = [0.7310344827586207, 0.762589928057554, 0.7826086956521738, 0.8148148148148148, 0.8307692307692308, 0.8372093023255814, 0.84375, 0.8503937007874015, 0.8503937007874015, 0.8503937007874015, 0.8503937007874015, 0.8661417322834646, 0.8661417322834646, 0.873015873015873, 0.88] 
t2 = [0.22602081298828125, 8.354850053787231, 12.440996170043945, 16.444743633270264, 20.151094436645508, 24.39399290084839, 28.149763584136963, 32.089983224868774, 36.331684589385986, 40.13611054420471, 44.229856967926025, 48.16448187828064, 52.166404008865356, 56.18656277656555, 60.11835694313049, 64.01496434211731] 
q2 = [0.7310344827586207, 0.7412587412587412, 0.7412587412587412, 0.7571428571428571, 0.7681159420289854, 0.7851851851851853, 0.791044776119403, 0.803030303030303, 0.81203007518797, 0.8181818181818182, 0.8244274809160306, 0.8244274809160306, 0.8307692307692308, 0.846153846153846, 0.8527131782945736, 0.8571428571428571] 
t3 = [0.21510720252990723, 8.338778018951416, 12.039889812469482, 16.043835639953613, 20.37463355064392, 24.403263568878174, 28.42365264892578, 32.06533169746399, 36.080286502838135, 40.21357083320618, 44.49949812889099, 48.27731394767761, 52.062278032302856, 56.04690670967102, 60.132814168930054, 64.14181518554688] 
q3 = [0.7310344827586207, 0.7801418439716312, 0.7801418439716312, 0.7801418439716312, 0.7801418439716312, 0.7801418439716312, 0.7801418439716312, 0.7801418439716312, 0.7801418439716312, 0.7913669064748202, 0.8396946564885496, 0.873015873015873, 0.8372093023255814, 0.8709677419354839, 0.8709677419354839, 0.864] 
sameple id : 12
t1 = [0.22882485389709473, 8.033180236816406, 12.110920906066895, 16.03691554069519, 20.810144424438477, 24.152546405792236, 28.344785928726196, 32.091498136520386, 36.14385175704956, 40.286452531814575, 44.09852981567383, 48.0198130607605, 52.293511152267456, 56.33185124397278, 60.01249074935913, 64.06457352638245] 
q1 = [0.6711409395973155, 0.7246376811594203, 0.7692307692307693, 0.7692307692307693, 0.819672131147541, 0.8264462809917354, 0.8333333333333333, 0.8403361344537814, 0.8547008547008548, 0.8547008547008548, 0.8547008547008548, 0.8695652173913044, 0.8695652173913044, 0.8771929824561403, 0.8771929824561403, 0.8849557522123894] 
t2 = [0.20200395584106445, 8.067857027053833, 12.460509061813354, 16.410743713378906, 20.019062042236328, 24.420291423797607, 28.12483024597168, 32.07923936843872, 36.41448140144348, 40.23368740081787, 44.05566334724426, 48.1382851600647, 52.00625920295715, 56.11473107337952, 60.001299142837524, 64.01135325431824] 
q2 = [0.6711409395973155, 0.711111111111111, 0.6944444444444444, 0.7480916030534351, 0.7538461538461539, 0.7596899224806202, 0.7716535433070867, 0.7777777777777777, 0.8032786885245902, 0.8264462809917354, 0.8166666666666667, 0.8333333333333333, 0.8474576271186441, 0.8547008547008548, 0.8620689655172413, 0.8849557522123894] 
t3 = [0.22362399101257324, 8.465720415115356, 12.17223310470581, 16.47551965713501, 20.32783794403076, 24.100294828414917, 28.070108890533447, 32.101917028427124, 36.33381938934326, 40.053974866867065, 44.0827271938324, 48.14670419692993, 52.08771514892578, 56.18164420127869, 60.007402658462524, 64.0614104270935] 
q3 = [0.6711409395973155, 0.7936507936507937, 0.7936507936507937, 0.7936507936507937, 0.7936507936507937, 0.7936507936507937, 0.7936507936507937, 0.7936507936507937, 0.8130081300813007, 0.819672131147541, 0.8474576271186441, 0.8928571428571428, 0.8849557522123894, 0.8849557522123894, 0.8849557522123894, 0.8928571428571428] 
sameple id : 13
t1 = [0.24096107482910156, 8.010352849960327, 12.12739610671997, 16.14834189414978, 20.316462516784668, 24.086491584777832, 28.001187562942505, 32.464274883270264, 36.09235501289368, 40.189714193344116, 44.26411962509155, 48.33568453788757, 52.06653046607971, 56.37432360649109, 60.15948820114136, 64.34445786476135] 
q1 = [0.6666666666666667, 0.6713286713286714, 0.6906474820143884, 0.7111111111111111, 0.7692307692307693, 0.7812499999999999, 0.7874015748031497, 0.7936507936507936, 0.7936507936507936, 0.8130081300813009, 0.8196721311475409, 0.8264462809917354, 0.8264462809917354, 0.8166666666666667, 0.8166666666666667, 0.8305084745762712] 
t2 = [0.18854498863220215, 8.168729782104492, 12.065073728561401, 16.130025148391724, 20.11858344078064, 24.051778316497803, 28.05700421333313, 32.41168451309204, 36.02366900444031, 40.121591091156006, 44.4424512386322, 48.408860206604004, 52.315308570861816, 56.37352681159973, 60.06844115257263, 64.06053900718689] 
q2 = [0.6666666666666667, 0.6986301369863014, 0.7153284671532847, 0.7205882352941178, 0.7234042553191489, 0.7194244604316548, 0.7299270072992701, 0.7352941176470589, 0.7559055118110236, 0.7619047619047621, 0.7741935483870968, 0.7868852459016393, 0.7704918032786885, 0.7868852459016393, 0.8166666666666667, 0.8305084745762712] 
t3 = [0.23066997528076172, 8.19816279411316, 12.2474844455719, 16.1021831035614, 20.267593145370483, 24.214091062545776, 28.132969617843628, 32.291189432144165, 36.21130919456482, 40.08757209777832, 44.23705244064331, 48.07315945625305, 52.075984716415405, 56.270339250564575, 60.377402544021606, 64.04296469688416] 
q3 = [0.6666666666666667, 0.7538461538461539, 0.7538461538461539, 0.7538461538461539, 0.7538461538461539, 0.7538461538461539, 0.7538461538461539, 0.7538461538461539, 0.7538461538461539, 0.765625, 0.7716535433070866, 0.8166666666666667, 0.8448275862068965, 0.8448275862068965, 0.8376068376068376, 0.8376068376068376] 
sameple id : 14
t1 = [0.2709009647369385, 8.07385540008545, 12.084476470947266, 16.056459426879883, 20.19676661491394, 24.32103180885315, 28.287431478500366, 32.323179721832275, 36.33193778991699, 40.341548919677734, 44.19795513153076, 48.331905126571655, 52.20378851890564, 56.03605937957764, 60.497939586639404, 64.32967162132263] 
q1 = [0.7412587412587414, 0.7883211678832116, 0.8059701492537313, 0.8244274809160306, 0.8503937007874016, 0.8503937007874016, 0.8571428571428571, 0.8571428571428571, 0.864, 0.878048780487805, 0.878048780487805, 0.8852459016393442, 0.8925619834710743, 0.8925619834710743, 0.9, 0.9] 
t2 = [0.2144780158996582, 8.200759649276733, 12.004735231399536, 16.0509192943573, 20.267202138900757, 24.211931943893433, 28.07469606399536, 32.01632881164551, 36.08563446998596, 40.146108627319336, 44.316224813461304, 48.44453954696655, 52.34713435173035, 56.24396634101868, 60.058438539505005, 64.05492162704468] 
q2 = [0.7412587412587414, 0.7464788732394366, 0.762589928057554, 0.7681159420289855, 0.7794117647058825, 0.7910447761194029, 0.8181818181818181, 0.8244274809160306, 0.8307692307692308, 0.8307692307692308, 0.8437499999999999, 0.8503937007874016, 0.8503937007874016, 0.878048780487805, 0.8925619834710743, 0.9] 
t3 = [0.242387056350708, 8.04711127281189, 12.420823574066162, 16.112265825271606, 20.314997911453247, 24.206819772720337, 28.102946281433105, 32.22241830825806, 36.16451048851013, 40.02610158920288, 44.31352519989014, 48.1292679309845, 52.10039258003235, 56.09168076515198, 60.30331563949585, 64.2642924785614] 
q3 = [0.7412587412587414, 0.8059701492537313, 0.8059701492537313, 0.8059701492537313, 0.8059701492537313, 0.8059701492537313, 0.8059701492537313, 0.8059701492537313, 0.8059701492537313, 0.8181818181818181, 0.8307692307692308, 0.878048780487805, 0.9310344827586207, 0.907563025210084, 0.9, 0.8925619834710743] 
sameple id : 15
t1 = [0.23163414001464844, 8.0398588180542, 12.010013103485107, 16.00236964225769, 20.390478134155273, 24.235502004623413, 28.12664484977722, 32.03882193565369, 36.105589866638184, 40.25551462173462, 44.47722101211548, 48.34960651397705, 52.22260904312134, 56.337050914764404, 60.395421266555786, 64.00010132789612] 
q1 = [0.6344827586206897, 0.6923076923076923, 0.7131782945736435, 0.7479674796747967, 0.773109243697479, 0.7796610169491525, 0.7796610169491525, 0.7931034482758621, 0.8, 0.8, 0.8141592920353982, 0.8141592920353982, 0.8288288288288288, 0.8440366972477064, 0.8440366972477064, 0.8518518518518519] 
t2 = [0.22174406051635742, 8.166295051574707, 12.37340784072876, 16.43091344833374, 20.45701837539673, 24.419947147369385, 28.012133836746216, 32.176371812820435, 36.3480966091156, 40.35519361495972, 44.15069365501404, 48.083898305892944, 52.016650915145874, 56.04437518119812, 60.018994092941284, 64.4491868019104] 
q2 = [0.6344827586206897, 0.647887323943662, 0.6666666666666667, 0.6870229007633587, 0.6923076923076923, 0.6976744186046511, 0.7142857142857144, 0.7142857142857144, 0.7200000000000001, 0.7419354838709677, 0.7479674796747967, 0.773109243697479, 0.7863247863247863, 0.8141592920353982, 0.8288288288288288, 0.8440366972477064] 
t3 = [0.20290684700012207, 8.136881113052368, 12.312847137451172, 16.179491758346558, 20.340904474258423, 24.129611492156982, 28.114933252334595, 32.198740005493164, 36.457783222198486, 40.07936358451843, 44.25872611999512, 48.220223903656006, 52.057713985443115, 56.40213966369629, 60.040194034576416, 64.11417961120605] 
q3 = [0.6344827586206897, 0.736, 0.736, 0.736, 0.736, 0.736, 0.736, 0.736, 0.7419354838709677, 0.7540983606557378, 0.8, 0.8598130841121495, 0.8598130841121495, 0.8518518518518519, 0.8518518518518519, 0.8518518518518519] 
sameple id : 16
t1 = [0.20906686782836914, 8.098662376403809, 12.138128519058228, 16.01991081237793, 20.244943141937256, 24.41408061981201, 28.120617866516113, 32.08162784576416, 36.106443881988525, 40.19837021827698, 44.08683776855469, 48.045947551727295, 52.400662899017334, 56.33268475532532, 60.28269863128662] 
q1 = [0.7225806451612903, 0.7801418439716312, 0.7801418439716312, 0.7971014492753623, 0.8296296296296296, 0.8296296296296296, 0.835820895522388, 0.8296296296296296, 0.835820895522388, 0.835820895522388, 0.8484848484848484, 0.8682170542635659, 0.8615384615384616, 0.8615384615384616, 0.8615384615384616] 
t2 = [0.20145106315612793, 8.153595209121704, 12.045105695724487, 16.08638644218445, 20.090248107910156, 24.08688473701477, 28.094191789627075, 32.040610551834106, 36.07299733161926, 40.161890506744385, 44.21542191505432, 48.0424280166626, 52.33047366142273, 56.26823377609253, 60.160160541534424, 64.27100348472595] 
q2 = [0.7225806451612903, 0.7671232876712328, 0.7777777777777778, 0.7832167832167831, 0.7887323943661972, 0.7943262411347518, 0.8115942028985507, 0.8175182481751825, 0.8296296296296296, 0.8421052631578948, 0.8484848484848484, 0.8484848484848484, 0.8549618320610688, 0.8549618320610688, 0.8615384615384616, 0.8682170542635659] 
t3 = [0.2115650177001953, 8.116175413131714, 12.266474485397339, 16.12811040878296, 20.05398392677307, 24.205273151397705, 28.101431369781494, 32.46456503868103, 36.463220834732056, 40.40725874900818, 44.03383469581604, 48.20256948471069, 52.29447340965271, 56.78979134559631, 61.36401128768921, 64.01256036758423, 68.07019472122192, 73.85601377487183, 76.23740482330322, 80.06531000137329, 84.36207985877991, 88.13339233398438] 
q3 = [0.7225806451612903, 0.7943262411347518, 0.7943262411347518, 0.7943262411347518, 0.7943262411347518, 0.7943262411347518, 0.7943262411347518, 0.7943262411347518, 0.7943262411347518, 0.7943262411347518, 0.7943262411347518, 0.8, 0.8235294117647058, 0.8421052631578948, 0.8549618320610688, 0.8615384615384616, 0.8682170542635659, 0.8750000000000001, 0.8818897637795275, 0.8750000000000001, 0.8750000000000001, 0.8682170542635659] 
sameple id : 17
t1 = [0.36379194259643555, 8.135706424713135, 12.01832914352417, 16.03030776977539, 20.018852949142456, 24.9001305103302, 29.62326955795288, 32.007816553115845, 36.70130944252014, 40.0886492729187, 44.046964168548584, 48.47922110557556, 53.9209463596344, 56.77725338935852, 60.19814467430115, 64.73865270614624, 68.32852864265442, 72.14546537399292, 76.00428652763367, 80.49099779129028, 84.30933165550232, 90.0895528793335, 94.71112895011902, 96.39089393615723, 100.47951030731201, 104.00197076797485] 
q1 = [0.6344827586206897, 0.6715328467153284, 0.6865671641791045, 0.7301587301587301, 0.7666666666666667, 0.7931034482758621, 0.7931034482758621, 0.7931034482758621, 0.7931034482758621, 0.7931034482758621, 0.7931034482758621, 0.7931034482758621, 0.8, 0.8, 0.8070175438596492, 0.8070175438596492, 0.8070175438596492, 0.8070175438596492, 0.8141592920353982, 0.8288288288288288, 0.8363636363636363, 0.8363636363636363, 0.8363636363636363, 0.8363636363636363, 0.8440366972477064, 0.8518518518518519] 
t2 = [0.6271021366119385, 8.071098566055298, 12.022586345672607, 16.22902202606201, 20.057949781417847, 24.009092569351196, 28.386348962783813, 32.147457122802734, 36.04809212684631, 40.308884143829346, 44.029160499572754, 48.04609036445618, 52.279579877853394, 56.036776065826416, 60.093448638916016, 64.06512761116028] 
q2 = [0.6344827586206897, 0.6865671641791045, 0.6865671641791045, 0.6917293233082707, 0.6917293233082707, 0.6969696969696969, 0.7244094488188977, 0.7419354838709677, 0.7479674796747967, 0.7603305785123966, 0.7603305785123966, 0.7796610169491525, 0.7931034482758621, 0.8070175438596492, 0.8288288288288288, 0.8440366972477064] 
t3 = [0.20238089561462402, 8.272964000701904, 12.006500244140625, 16.040196180343628, 20.408246278762817, 24.0147922039032, 28.116000413894653, 32.379512786865234, 36.04816246032715, 40.270914793014526, 44.35908627510071, 48.08280825614929, 52.27643585205078, 56.0666241645813, 60.16226029396057] 
q3 = [0.6344827586206897, 0.7796610169491525, 0.7796610169491525, 0.7796610169491525, 0.7796610169491525, 0.7796610169491525, 0.7796610169491525, 0.7796610169491525, 0.7931034482758621, 0.8141592920353982, 0.8518518518518519, 0.8518518518518519, 0.8518518518518519, 0.8518518518518519, 0.8518518518518519] 
sameple id : 18
t1 = [0.22753310203552246, 8.124833345413208, 12.043378114700317, 16.002421617507935, 20.48643708229065, 24.264252424240112, 28.426067352294922, 32.21136283874512, 36.447349309921265, 40.149102449417114, 44.01124119758606, 48.26162075996399, 52.425052881240845, 56.104482889175415, 60.05211353302002, 64.07657670974731] 
q1 = [0.7388535031847133, 0.7837837837837839, 0.8142857142857143, 0.8444444444444446, 0.8769230769230769, 0.8769230769230769, 0.8769230769230769, 0.8837209302325583, 0.8906250000000001, 0.8906250000000001, 0.9047619047619048, 0.9193548387096775, 0.9268292682926829, 0.9421487603305785, 0.9421487603305785, 0.9421487603305785] 
t2 = [0.19099879264831543, 8.206052541732788, 12.060288190841675, 16.24427032470703, 20.063438177108765, 24.15398073196411, 28.0161452293396, 32.16363048553467, 36.016661643981934, 40.17001938819885, 44.425087213516235, 48.053874254226685, 52.32304239273071, 56.10695552825928, 60.2309935092926] 
q2 = [0.7388535031847133, 0.7532467532467533, 0.7682119205298014, 0.7785234899328859, 0.7808219178082192, 0.8484848484848485, 0.8549618320610687, 0.8682170542635659, 0.8750000000000001, 0.888888888888889, 0.9032258064516129, 0.9105691056910569, 0.9180327868852458, 0.9421487603305785, 0.9421487603305785] 
t3 = [0.20993804931640625, 8.137631893157959, 12.046606063842773, 16.25432825088501, 20.261878967285156, 24.092523097991943, 28.40561604499817, 32.24337077140808, 36.063241720199585, 40.36413836479187, 44.1150107383728, 48.25005602836609, 52.02599906921387, 56.30449056625366, 60.00344252586365] 
q3 = [0.7388535031847133, 0.8507462686567163, 0.8507462686567163, 0.8507462686567163, 0.8507462686567163, 0.8507462686567163, 0.8507462686567163, 0.8507462686567163, 0.8549618320610687, 0.8769230769230769, 0.9268292682926829, 0.95, 0.9421487603305785, 0.9421487603305785, 0.9421487603305785] 
sameple id : 19
t1 = [0.19792890548706055, 8.124720573425293, 12.09402346611023, 16.005754232406616, 20.342357635498047, 24.257572889328003, 28.230566024780273, 32.30330276489258, 36.43417692184448, 40.10175013542175, 44.30370497703552, 48.10045027732849, 52.415494441986084, 56.41015315055847, 60.2282612323761, 64.4847023487091] 
q1 = [0.6478873239436619, 0.6521739130434783, 0.6571428571428571, 0.6764705882352942, 0.7067669172932329, 0.7067669172932329, 0.712121212121212, 0.7175572519083969, 0.7230769230769231, 0.7286821705426356, 0.7460317460317459, 0.7580645161290323, 0.7642276422764227, 0.7768595041322315, 0.7833333333333333, 0.7966101694915253] 
t2 = [0.18267107009887695, 8.410338878631592, 12.07571792602539, 16.326942443847656, 20.274752140045166, 24.175697803497314, 28.018654346466064, 32.09088325500488, 36.08548426628113, 40.040390491485596, 44.38727116584778, 48.111658573150635, 52.11048913002014, 56.05086302757263, 60.003620624542236, 64.35925269126892] 
q2 = [0.6478873239436619, 0.6618705035971223, 0.6762589928057554, 0.6811594202898551, 0.6911764705882353, 0.6865671641791045, 0.6917293233082706, 0.696969696969697, 0.7131782945736433, 0.7301587301587301, 0.7419354838709677, 0.7580645161290323, 0.7768595041322315, 0.7833333333333333, 0.7899159663865546, 0.7966101694915253] 
t3 = [0.2138500213623047, 8.422796487808228, 12.470635175704956, 16.203333377838135, 20.307558059692383, 24.090271472930908, 28.090989112854004, 32.28442907333374, 36.4233124256134, 40.032066822052, 44.17918419837952, 48.334495067596436, 52.06428337097168, 56.140435218811035, 60.19873905181885, 64.15750861167908] 
q3 = [0.6478873239436619, 0.7218045112781954, 0.7218045112781954, 0.7218045112781954, 0.7218045112781954, 0.7218045112781954, 0.7218045112781954, 0.7218045112781954, 0.7218045112781954, 0.7272727272727273, 0.7559055118110236, 0.7833333333333333, 0.7899159663865546, 0.8034188034188035, 0.8103448275862069, 0.8103448275862069] 
