sameple id : 0
t1 = [0.2706780433654785, 8.115753889083862, 12.155696392059326, 16.12215757369995, 20.021397829055786, 24.379891395568848, 28.00989842414856, 32.27880120277405, 36.004592180252075, 40.15445876121521, 44.3769109249115, 48.130085468292236, 52.35952639579773, 56.219322204589844, 60.35106348991394] 
q1 = [0.5957446808510638, 0.6031746031746031, 0.64, 0.6611570247933884, 0.7241379310344828, 0.743362831858407, 0.7499999999999999, 0.7567567567567568, 0.7636363636363637, 0.7567567567567568, 0.7636363636363637, 0.7706422018348624, 0.7706422018348624, 0.7850467289719627, 0.7850467289719627] 
t2 = [0.2553679943084717, 8.05635952949524, 12.032795667648315, 16.388972759246826, 20.330708980560303, 24.18546986579895, 28.189854383468628, 32.07646369934082, 36.1031653881073, 40.16021227836609, 44.142157316207886, 48.08039212226868, 52.00366401672363, 56.371236085891724, 60.420539140701294, 64.36282134056091] 
q2 = [0.5957446808510638, 0.6, 0.608, 0.6178861788617886, 0.628099173553719, 0.6333333333333333, 0.65, 0.6446280991735538, 0.6666666666666666, 0.6949152542372882, 0.706896551724138, 0.7241379310344828, 0.7304347826086955, 0.7567567567567568, 0.7706422018348624, 0.7850467289719627] 
t3 = [0.26013612747192383, 8.21425747871399, 12.275785446166992, 16.04879331588745, 20.28157067298889, 24.253528118133545, 28.03062129020691, 32.36591148376465, 36.19657039642334, 40.028728008270264, 44.391233921051025, 48.16648197174072, 52.097827434539795, 57.51478552818298, 60.39873671531677, 64.30957007408142, 68.0883264541626] 
q3 = [0.5957446808510638, 0.7241379310344828, 0.7241379310344828, 0.7241379310344828, 0.7241379310344828, 0.7241379310344828, 0.7241379310344828, 0.7000000000000001, 0.711864406779661, 0.7499999999999999, 0.7567567567567568, 0.8, 0.8235294117647058, 0.8, 0.8, 0.8076923076923077, 0.8] 
sameple id : 1
t1 = [0.41637587547302246, 8.092580795288086, 12.04407286643982, 16.070255756378174, 20.039729595184326, 28.343417167663574, 30.927107095718384, 32.13048601150513, 36.245327949523926, 40.28292179107666, 45.60170793533325, 48.10595893859863, 52.439740896224976, 57.74361276626587, 61.10698676109314, 64.99262285232544, 68.36351656913757, 72.07943964004517, 76.13338160514832, 81.2562153339386, 84.37362456321716, 88.39870429039001, 92.45906209945679, 96.48244500160217, 100.52697992324829, 106.15109586715698, 108.34059882164001] 
q1 = [0.6569343065693432, 0.6715328467153284, 0.6814814814814816, 0.71875, 0.7317073170731707, 0.773109243697479, 0.773109243697479, 0.773109243697479, 0.773109243697479, 0.7863247863247863, 0.7863247863247863, 0.7863247863247863, 0.8, 0.8070175438596492, 0.8070175438596492, 0.8141592920353982, 0.8141592920353982, 0.8288288288288288, 0.8440366972477064, 0.8440366972477064, 0.8363636363636363, 0.8440366972477064, 0.8440366972477064, 0.8440366972477064, 0.8518518518518519, 0.8518518518518519, 0.8518518518518519] 
t2 = [0.6217408180236816, 8.423688650131226, 13.05968451499939, 16.52734613418579, 20.09011721611023, 24.635107278823853, 28.04283595085144, 32.122384786605835, 36.04032254219055, 40.44495606422424, 44.01045799255371, 48.12890076637268, 52.07997751235962, 56.48123645782471, 60.44107985496521, 64.36487174034119, 68.30562543869019, 72.01524996757507, 76.01620578765869, 80.10605669021606] 
q2 = [0.6569343065693432, 0.6666666666666667, 0.6716417910447762, 0.6716417910447762, 0.6766917293233083, 0.6766917293233083, 0.6870229007633587, 0.6976744186046511, 0.6917293233082707, 0.7258064516129032, 0.7377049180327868, 0.7317073170731707, 0.7377049180327868, 0.75, 0.75, 0.773109243697479, 0.7796610169491525, 0.8, 0.8288288288288288, 0.8363636363636363] 
t3 = [0.31635618209838867, 8.40789794921875, 12.056365489959717, 16.39611005783081, 20.30525779724121, 24.43151330947876, 28.24942398071289, 32.38918948173523, 36.158835649490356, 40.112367153167725, 44.26106309890747, 48.17136478424072, 52.155641317367554, 56.330477237701416, 60.08153295516968, 64.09272265434265] 
q3 = [0.6569343065693432, 0.736, 0.736, 0.736, 0.736, 0.736, 0.736, 0.736, 0.7317073170731707, 0.7540983606557378, 0.7931034482758621, 0.8518518518518519, 0.8363636363636363, 0.8363636363636363, 0.8363636363636363, 0.8518518518518519] 
sameple id : 2
t1 = [0.21007800102233887, 8.013501167297363, 12.078465461730957, 16.06272864341736, 20.33367681503296, 24.101928234100342, 28.35048246383667, 32.18641471862793, 36.04517722129822, 40.332536458969116, 44.3886616230011, 48.45806050300598, 52.02720665931702, 56.25934648513794, 60.21241736412048, 64.04570937156677] 
q1 = [0.6486486486486487, 0.7000000000000001, 0.7205882352941176, 0.7424242424242424, 0.7967479674796748, 0.7967479674796748, 0.7967479674796748, 0.8032786885245902, 0.8032786885245902, 0.8099173553719008, 0.8166666666666667, 0.8235294117647058, 0.8305084745762712, 0.8448275862068965, 0.8275862068965516, 0.8275862068965516] 
t2 = [0.19588303565979004, 8.073448896408081, 12.070765972137451, 16.034088373184204, 20.23011016845703, 24.00972080230713, 28.15209674835205, 32.410003662109375, 36.07610273361206, 40.1643648147583, 44.31741523742676, 48.04549837112427, 52.132479190826416, 56.27759313583374, 60.04422950744629, 64.1852548122406, 68.43596076965332] 
q2 = [0.6486486486486487, 0.6805555555555556, 0.6853146853146853, 0.7000000000000001, 0.7050359712230216, 0.7205882352941176, 0.7313432835820896, 0.7368421052631579, 0.7258064516129031, 0.752, 0.7580645161290323, 0.7642276422764227, 0.7642276422764227, 0.7833333333333333, 0.8067226890756303, 0.8275862068965516, 0.831858407079646] 
t3 = [0.510124921798706, 8.274681806564331, 12.086479187011719, 16.495777130126953, 20.02566409111023, 24.15292191505432, 28.27694582939148, 32.64007806777954, 36.09276843070984, 40.28515362739563, 44.176915407180786, 48.656994581222534, 55.32068848609924, 59.48719763755798, 61.9335196018219, 65.69432854652405, 68.29193758964539, 72.02801060676575, 78.57654547691345, 80.24662733078003, 85.83181524276733, 88.84537124633789, 92.5471863746643, 96.02628564834595, 100.13752794265747, 104.04921507835388, 108.28268718719482, 112.15772008895874, 116.03824806213379] 
q3 = [0.6486486486486487, 0.7559055118110237, 0.7559055118110237, 0.7559055118110237, 0.7559055118110237, 0.7559055118110237, 0.7559055118110237, 0.7559055118110237, 0.7559055118110237, 0.7559055118110237, 0.7559055118110237, 0.7559055118110237, 0.7559055118110237, 0.7559055118110237, 0.7619047619047619, 0.768, 0.7741935483870968, 0.7741935483870968, 0.7619047619047619, 0.768, 0.8067226890756303, 0.8135593220338982, 0.8275862068965516, 0.8571428571428572, 0.8347826086956521, 0.8347826086956521, 0.8347826086956521, 0.8421052631578948, 0.8421052631578948] 
sameple id : 3
t1 = [0.201995849609375, 8.419279098510742, 12.12757396697998, 16.028112173080444, 20.1145281791687, 26.17794394493103, 28.05119013786316, 32.198407888412476, 36.23958349227905, 40.32164740562439, 44.37206745147705, 48.23990488052368, 52.13320994377136, 56.39686965942383, 60.29567885398865, 64.41544961929321, 68.01245093345642] 
q1 = [0.6153846153846153, 0.6376811594202899, 0.6564885496183206, 0.6771653543307087, 0.728813559322034, 0.7787610619469026, 0.7787610619469026, 0.7927927927927928, 0.7857142857142858, 0.7927927927927928, 0.8073394495412844, 0.8301886792452831, 0.8380952380952381, 0.8543689320388349, 0.8543689320388349, 0.8543689320388349, 0.8543689320388349] 
t2 = [0.19969797134399414, 8.468619585037231, 12.297738552093506, 16.131977319717407, 20.556977033615112, 24.355255126953125, 28.33880114555359, 32.01290678977966, 36.4842095375061, 40.09187150001526, 44.041085958480835, 48.68423295021057, 52.36162877082825, 56.0281662940979, 60.379433393478394, 64.2166063785553, 68.28159523010254, 72.2541811466217] 
q2 = [0.6153846153846153, 0.6330935251798561, 0.6470588235294118, 0.6470588235294118, 0.6518518518518518, 0.6666666666666666, 0.682170542635659, 0.6984126984126985, 0.7213114754098361, 0.7333333333333334, 0.7457627118644068, 0.7586206896551725, 0.8, 0.8148148148148148, 0.822429906542056, 0.8380952380952381, 0.8543689320388349, 0.8543689320388349] 
t3 = [0.22477197647094727, 8.006604194641113, 12.182771444320679, 16.00428605079651, 20.410770177841187, 24.408263683319092, 28.438668966293335, 32.11295437812805, 36.24528765678406, 40.38139033317566, 44.46207046508789, 48.09094858169556, 52.3479437828064, 56.05843687057495, 60.13597917556763, 64.44031572341919, 68.46831607818604, 72.19976305961609, 76.13739085197449] 
q3 = [0.6153846153846153, 0.7857142857142858, 0.7857142857142858, 0.7857142857142858, 0.7857142857142858, 0.7857142857142858, 0.7857142857142858, 0.7857142857142858, 0.7857142857142858, 0.7857142857142858, 0.8148148148148148, 0.8380952380952381, 0.8712871287128713, 0.8712871287128713, 0.8712871287128713, 0.8543689320388349, 0.8543689320388349, 0.8543689320388349, 0.8543689320388349] 
sameple id : 4
t1 = [0.2301628589630127, 8.125754833221436, 12.027455806732178, 16.114797830581665, 20.001256465911865, 24.092464685440063, 28.35190749168396, 32.28172016143799, 36.150920391082764, 40.25271558761597, 44.430702686309814, 48.210166215896606, 52.00406551361084, 56.096054553985596, 60.21993374824524, 64.42732191085815] 
q1 = [0.6711409395973155, 0.6993006993006993, 0.7462686567164178, 0.7812500000000001, 0.819672131147541, 0.819672131147541, 0.819672131147541, 0.819672131147541, 0.8333333333333333, 0.8547008547008548, 0.8620689655172413, 0.8695652173913044, 0.8771929824561403, 0.8771929824561403, 0.8849557522123894, 0.8928571428571428] 
t2 = [0.2136828899383545, 8.028570890426636, 12.213043212890625, 16.0465989112854, 20.01274275779724, 24.43025541305542, 28.35749363899231, 32.200605630874634, 36.17034101486206, 40.146780252456665, 44.29462504386902, 48.2877299785614, 52.173484563827515, 56.114481687545776, 60.10857677459717, 64.04582333564758] 
q2 = [0.6711409395973155, 0.684931506849315, 0.6944444444444444, 0.7518796992481204, 0.7575757575757575, 0.7751937984496124, 0.7462686567164178, 0.7575757575757575, 0.7692307692307693, 0.8130081300813007, 0.819672131147541, 0.8333333333333333, 0.8547008547008548, 0.8547008547008548, 0.8771929824561403, 0.8849557522123894] 
t3 = [0.20837998390197754, 8.466569185256958, 12.434536457061768, 16.09625220298767, 20.191623210906982, 24.164578914642334, 28.15084719657898, 32.22095561027527, 36.11432766914368, 40.00312781333923, 44.04851961135864, 48.359445095062256, 52.11558699607849, 56.06706261634827, 60.056548833847046, 64.14308595657349] 
q3 = [0.6711409395973155, 0.7812500000000001, 0.7812500000000001, 0.7812500000000001, 0.7812500000000001, 0.7812500000000001, 0.7812500000000001, 0.7812500000000001, 0.7812500000000001, 0.7936507936507937, 0.8264462809917354, 0.8771929824561403, 0.9090909090909091, 0.9009009009009009, 0.9009009009009009, 0.9090909090909091] 
sameple id : 5
t1 = [0.20919585227966309, 8.086764335632324, 12.045088052749634, 16.113332271575928, 20.0105242729187, 24.167857885360718, 28.37986922264099, 32.00749373435974, 36.12735629081726, 40.03967833518982, 44.44819903373718, 48.28524303436279, 52.07012724876404, 56.30430555343628, 60.3218629360199, 64.08710432052612] 
q1 = [0.625, 0.6617647058823529, 0.6923076923076924, 0.7377049180327869, 0.7377049180327869, 0.7377049180327869, 0.743801652892562, 0.7499999999999999, 0.7499999999999999, 0.7563025210084033, 0.7627118644067796, 0.7692307692307693, 0.7758620689655172, 0.7964601769911505, 0.7964601769911505, 0.8108108108108109] 
t2 = [0.20965814590454102, 8.403780698776245, 12.450592517852783, 16.330861568450928, 20.428035974502563, 24.292285203933716, 28.00565528869629, 32.432650327682495, 36.140098571777344, 40.024118185043335, 44.36523938179016, 48.1800274848938, 52.17030072212219, 56.40494465827942, 60.0909788608551, 64.37382507324219] 
q2 = [0.625, 0.625, 0.6569343065693432, 0.6716417910447761, 0.6521739130434783, 0.6716417910447761, 0.6818181818181819, 0.6923076923076924, 0.7031249999999999, 0.7142857142857143, 0.7377049180327869, 0.7627118644067796, 0.7758620689655172, 0.782608695652174, 0.7964601769911505, 0.8108108108108109] 
t3 = [0.20428991317749023, 8.028653144836426, 12.0685453414917, 16.126514673233032, 20.124380588531494, 24.096899271011353, 28.15200638771057, 32.304298639297485, 36.41609716415405, 40.04572343826294, 44.024874448776245, 48.05839443206787, 52.12777352333069, 56.00965166091919, 60.00519800186157] 
q3 = [0.625, 0.7258064516129034, 0.7258064516129034, 0.7258064516129034, 0.7258064516129034, 0.7258064516129034, 0.7258064516129034, 0.7258064516129034, 0.7377049180327869, 0.7563025210084033, 0.7964601769911505, 0.8490566037735848, 0.8108108108108109, 0.8108108108108109, 0.8108108108108109] 
sameple id : 6
t1 = [0.20752501487731934, 8.12571382522583, 12.059476852416992, 16.09775948524475, 20.782095193862915, 24.440401315689087, 28.174497365951538, 32.45989203453064, 36.24336838722229, 40.058332204818726, 44.677385330200195, 49.369375705718994, 52.43395686149597, 56.688669204711914, 60.37809610366821, 64.42271137237549, 68.14734530448914, 72.1774468421936] 
q1 = [0.6901408450704226, 0.7313432835820894, 0.7518796992481204, 0.7596899224806202, 0.8064516129032258, 0.8064516129032258, 0.8032786885245902, 0.8099173553719008, 0.8099173553719008, 0.8166666666666667, 0.8305084745762712, 0.8305084745762712, 0.8305084745762712, 0.8448275862068965, 0.8448275862068965, 0.8448275862068965, 0.8448275862068965, 0.8448275862068965] 
t2 = [0.21039104461669922, 8.078298091888428, 12.264687776565552, 16.017286777496338, 20.060826539993286, 24.361133575439453, 28.296956300735474, 32.166858196258545, 36.12458086013794, 40.12710428237915, 44.05706286430359, 48.05775785446167, 52.07983613014221, 56.43065047264099, 60.16966009140015, 64.22902846336365] 
q2 = [0.6901408450704226, 0.7142857142857143, 0.7153284671532847, 0.7259259259259259, 0.7259259259259259, 0.7368421052631579, 0.7596899224806202, 0.7596899224806202, 0.7716535433070867, 0.784, 0.7903225806451613, 0.7967479674796748, 0.8166666666666667, 0.823529411764706, 0.8305084745762712, 0.8448275862068965] 
t3 = [0.20690703392028809, 8.379833221435547, 12.365878582000732, 16.029147386550903, 20.045270919799805, 24.173333883285522, 28.252278327941895, 32.317408084869385, 36.33329224586487, 40.00443387031555, 44.42971420288086, 48.353310108184814, 52.027780532836914, 56.21580743789673, 60.44640517234802, 64.02974009513855] 
q3 = [0.6901408450704226, 0.7777777777777777, 0.7777777777777777, 0.7777777777777777, 0.7777777777777777, 0.7777777777777777, 0.7777777777777777, 0.7777777777777777, 0.7777777777777777, 0.7967479674796748, 0.8448275862068965, 0.8749999999999999, 0.8521739130434782, 0.8521739130434782, 0.8521739130434782, 0.8448275862068965] 
sameple id : 7
t1 = [0.22663116455078125, 8.116243839263916, 12.0320303440094, 16.00772786140442, 20.121843338012695, 24.20526885986328, 28.433529138565063, 32.009814500808716, 36.02368211746216, 40.15114641189575, 44.15772747993469, 48.401894330978394, 52.379929065704346, 56.2689266204834, 60.1357147693634, 64.04243874549866] 
q1 = [0.6799999999999999, 0.7007299270072993, 0.7328244274809161, 0.7680000000000001, 0.8196721311475409, 0.8264462809917354, 0.8196721311475409, 0.8264462809917354, 0.8403361344537814, 0.8403361344537814, 0.847457627118644, 0.8547008547008548, 0.847457627118644, 0.8547008547008548, 0.8695652173913042, 0.8771929824561403] 
t2 = [0.2170569896697998, 8.027598857879639, 12.01607608795166, 16.416707515716553, 20.300822973251343, 24.196696996688843, 28.10062313079834, 32.16878008842468, 36.13296890258789, 40.05459666252136, 44.108980894088745, 48.0949068069458, 52.24755239486694, 56.18205785751343, 60.043556690216064, 64.23127365112305] 
q2 = [0.6799999999999999, 0.7034482758620689, 0.7234042553191489, 0.7285714285714285, 0.7299270072992701, 0.7407407407407407, 0.7407407407407407, 0.7777777777777777, 0.7716535433070866, 0.7777777777777777, 0.7903225806451611, 0.7903225806451611, 0.8099173553719008, 0.8305084745762712, 0.847457627118644, 0.8620689655172413] 
t3 = [0.19819998741149902, 8.114545345306396, 12.118925333023071, 16.47141718864441, 20.328816652297974, 24.332491159439087, 28.369248390197754, 32.465134620666504, 36.09445357322693, 40.08441948890686, 44.08978772163391, 48.232767820358276, 52.0102653503418, 56.21365547180176, 60.10131859779358, 64.05940318107605] 
q3 = [0.6799999999999999, 0.8292682926829268, 0.8292682926829268, 0.8292682926829268, 0.8292682926829268, 0.8292682926829268, 0.8292682926829268, 0.8292682926829268, 0.8196721311475409, 0.8264462809917354, 0.8547008547008548, 0.8771929824561403, 0.8695652173913042, 0.8695652173913042, 0.8695652173913042, 0.8849557522123893] 
sameple id : 8
t1 = [0.23441600799560547, 8.137914180755615, 12.105382442474365, 16.115939378738403, 20.015734910964966, 24.140844106674194, 28.141677856445312, 32.33470320701599, 36.06578087806702, 40.1300630569458, 44.04836916923523, 48.39550256729126, 52.38087749481201, 56.24548578262329, 60.220306634902954, 64.46964502334595, 68.17775893211365] 
q1 = [0.6666666666666667, 0.7194244604316548, 0.7194244604316548, 0.7299270072992701, 0.7669172932330827, 0.7669172932330827, 0.7727272727272727, 0.7727272727272727, 0.7727272727272727, 0.7727272727272727, 0.7786259541984732, 0.7906976744186047, 0.8031496062992126, 0.796875, 0.8095238095238095, 0.8160000000000001, 0.8160000000000001] 
t2 = [0.24980592727661133, 8.283263206481934, 12.35934066772461, 16.335082054138184, 20.107680797576904, 24.26954174041748, 28.096796989440918, 32.44243621826172, 36.26510238647461, 40.319432973861694, 44.41617274284363, 48.06751561164856, 52.134511947631836, 56.07004356384277, 60.12592887878418, 64.00769090652466] 
q2 = [0.6666666666666667, 0.7142857142857143, 0.7246376811594203, 0.7299270072992701, 0.7352941176470589, 0.7352941176470589, 0.7352941176470589, 0.7352941176470589, 0.746268656716418, 0.7518796992481203, 0.7575757575757576, 0.763358778625954, 0.7751937984496123, 0.7936507936507936, 0.8, 0.8225806451612903] 
t3 = [0.2000579833984375, 8.100576162338257, 12.104855060577393, 16.061306715011597, 20.18291473388672, 24.45439839363098, 28.06642770767212, 32.401947021484375, 36.17091679573059, 40.07106828689575, 44.406506061553955, 48.164628982543945, 52.00584292411804, 56.3619647026062, 60.0342481136322, 64.06801223754883] 
q3 = [0.6666666666666667, 0.746268656716418, 0.746268656716418, 0.746268656716418, 0.746268656716418, 0.746268656716418, 0.746268656716418, 0.746268656716418, 0.746268656716418, 0.7575757575757576, 0.7751937984496123, 0.8130081300813009, 0.8403361344537814, 0.8264462809917354, 0.8196721311475409, 0.8130081300813009] 
sameple id : 9
t1 = [0.22169995307922363, 8.149157524108887, 12.13341212272644, 16.09307074546814, 20.01104712486267, 24.087517499923706, 28.172138929367065, 32.35265111923218, 36.050281047821045, 40.40807771682739, 44.223578691482544, 48.38573455810547, 52.430229902267456, 56.06973171234131, 60.30549621582031, 64.12695002555847] 
q1 = [0.6711409395973155, 0.7246376811594203, 0.7368421052631579, 0.765625, 0.8333333333333333, 0.8333333333333333, 0.8474576271186441, 0.8474576271186441, 0.8547008547008548, 0.8547008547008548, 0.8547008547008548, 0.8620689655172413, 0.8620689655172413, 0.8620689655172413, 0.8620689655172413, 0.8695652173913044] 
t2 = [0.23030710220336914, 8.005238056182861, 12.490499019622803, 16.031574964523315, 20.044092416763306, 24.108567237854004, 28.04923176765442, 32.269261837005615, 36.01950764656067, 40.43329477310181, 44.28994846343994, 48.09426951408386, 52.002713680267334, 56.00650191307068, 60.14016628265381, 64.06636786460876] 
q2 = [0.6711409395973155, 0.704225352112676, 0.7142857142857143, 0.7194244604316548, 0.7299270072992701, 0.7407407407407407, 0.7518796992481204, 0.7575757575757575, 0.7633587786259541, 0.7812500000000001, 0.7874015748031497, 0.8, 0.819672131147541, 0.8474576271186441, 0.8620689655172413, 0.8695652173913044] 
t3 = [0.203887939453125, 8.157976150512695, 12.301952123641968, 16.095953702926636, 20.16037130355835, 24.54326605796814, 28.103151559829712, 32.22057032585144, 36.08267331123352, 40.064584493637085, 44.272088289260864, 48.12658429145813, 52.151182413101196, 56.49734282493591, 60.273098945617676, 64.06335377693176] 
q3 = [0.6711409395973155, 0.8333333333333333, 0.8333333333333333, 0.8333333333333333, 0.8333333333333333, 0.8333333333333333, 0.8333333333333333, 0.8333333333333333, 0.8403361344537814, 0.8620689655172413, 0.8849557522123894, 0.9009009009009009, 0.8771929824561403, 0.8695652173913044, 0.8695652173913044, 0.8695652173913044] 
sameple id : 10
t1 = [0.2147970199584961, 8.04603385925293, 12.125858783721924, 16.052980422973633, 20.014321088790894, 24.37408137321472, 28.1256844997406, 32.259554386138916, 36.370588302612305, 40.38097620010376, 44.245051860809326, 48.10785746574402, 52.44009351730347, 56.223164558410645, 60.37936234474182, 64.22193384170532] 
q1 = [0.6986301369863014, 0.7034482758620689, 0.7183098591549296, 0.7555555555555554, 0.7906976744186047, 0.796875, 0.8031496062992126, 0.8095238095238095, 0.8160000000000001, 0.8225806451612903, 0.8429752066115702, 0.8429752066115702, 0.864406779661017, 0.864406779661017, 0.864406779661017, 0.8717948717948718] 
t2 = [0.20274090766906738, 8.276548385620117, 12.295405387878418, 16.277823209762573, 20.33342981338501, 24.035600900650024, 28.41205072402954, 32.34045767784119, 36.23480033874512, 40.41973304748535, 44.17999029159546, 48.0189905166626, 52.2130708694458, 56.238099575042725, 60.15846824645996, 64.2026891708374, 68.17111802101135] 
q2 = [0.6986301369863014, 0.7034482758620689, 0.7083333333333333, 0.7234042553191489, 0.7285714285714285, 0.7285714285714285, 0.7445255474452555, 0.7555555555555554, 0.7669172932330827, 0.7786259541984732, 0.7906976744186047, 0.796875, 0.8031496062992126, 0.8160000000000001, 0.85, 0.8571428571428571, 0.8717948717948718] 
t3 = [0.20330190658569336, 8.137636661529541, 12.423665761947632, 16.109242916107178, 20.08523988723755, 24.316675901412964, 28.097339868545532, 32.17812466621399, 36.37331295013428, 40.05763030052185, 44.308115005493164, 48.459749937057495, 52.048805952072144, 56.302263498306274, 60.35118770599365, 64.01358461380005] 
q3 = [0.6986301369863014, 0.8031496062992126, 0.8031496062992126, 0.8031496062992126, 0.8031496062992126, 0.8031496062992126, 0.8031496062992126, 0.8031496062992126, 0.8031496062992126, 0.8031496062992126, 0.8571428571428571, 0.9107142857142857, 0.9026548672566371, 0.8717948717948718, 0.8717948717948718, 0.8717948717948718] 
sameple id : 11
t1 = [0.2441701889038086, 8.03093433380127, 12.050063610076904, 16.027894258499146, 20.413397073745728, 24.095722436904907, 28.267303228378296, 32.32786679267883, 36.27558970451355, 40.15906381607056, 44.41731858253479, 48.284931898117065, 52.06026577949524, 56.15912365913391, 60.37089490890503, 64.09468460083008] 
q1 = [0.6344827586206897, 0.6521739130434782, 0.6870229007633587, 0.7086614173228347, 0.773109243697479, 0.773109243697479, 0.7796610169491525, 0.7796610169491525, 0.7863247863247863, 0.7931034482758621, 0.7931034482758621, 0.8, 0.8070175438596492, 0.8070175438596492, 0.8070175438596492, 0.8070175438596492] 
t2 = [0.1934340000152588, 8.124741554260254, 12.085336923599243, 16.15047311782837, 20.79835796356201, 24.14291477203369, 28.084527492523193, 32.15841746330261, 36.13185787200928, 40.01283502578735, 44.069377422332764, 48.28467631340027, 52.457682847976685, 56.0043888092041, 60.32472634315491, 64.22422385215759, 68.17300796508789] 
q2 = [0.6344827586206897, 0.647887323943662, 0.6618705035971223, 0.6814814814814816, 0.6865671641791045, 0.6917293233082707, 0.6969696969696969, 0.7076923076923077, 0.71875, 0.736, 0.7540983606557378, 0.773109243697479, 0.773109243697479, 0.773109243697479, 0.7863247863247863, 0.7931034482758621, 0.8141592920353982] 
t3 = [0.3070402145385742, 8.071423530578613, 12.205179929733276, 16.122394323349, 20.310933113098145, 24.428261280059814, 28.033507585525513, 32.06177282333374, 36.02345848083496, 40.069719552993774, 44.268634557724, 48.02330160140991, 52.24230980873108, 56.12059235572815, 60.083648681640625, 64.31230473518372, 68.09448337554932] 
q3 = [0.6344827586206897, 0.7419354838709677, 0.7419354838709677, 0.7419354838709677, 0.7419354838709677, 0.7419354838709677, 0.7419354838709677, 0.7419354838709677, 0.7419354838709677, 0.7603305785123966, 0.7796610169491525, 0.8288288288288288, 0.8598130841121495, 0.8363636363636363, 0.8288288288288288, 0.8288288288288288, 0.8214285714285715] 
sameple id : 12
t1 = [0.20449495315551758, 8.114670276641846, 12.071158647537231, 16.02706813812256, 20.060422658920288, 24.110816717147827, 28.42290449142456, 32.05211281776428, 36.264307498931885, 40.22377419471741, 44.420483350753784, 48.269667625427246, 52.31990456581116, 56.382018089294434, 60.44359755516052, 64.0217182636261] 
q1 = [0.5957446808510638, 0.6614173228346457, 0.6666666666666666, 0.6779661016949152, 0.7567567567567568, 0.7567567567567568, 0.7567567567567568, 0.7706422018348624, 0.7706422018348624, 0.7706422018348624, 0.7706422018348624, 0.7850467289719627, 0.7850467289719627, 0.7924528301886793, 0.8, 0.8076923076923077] 
t2 = [0.20821189880371094, 8.030211448669434, 12.366235733032227, 16.346886157989502, 20.428807735443115, 24.444471836090088, 28.39016842842102, 32.343817710876465, 36.26730537414551, 40.177096366882324, 44.020917654037476, 48.00881910324097, 52.23429298400879, 56.076884746551514, 60.28598117828369, 64.13493990898132] 
q2 = [0.5957446808510638, 0.6086956521739131, 0.6176470588235294, 0.6363636363636364, 0.6363636363636364, 0.6511627906976745, 0.6666666666666666, 0.6885245901639345, 0.6885245901639345, 0.7058823529411764, 0.7241379310344828, 0.7499999999999999, 0.7636363636363637, 0.7777777777777778, 0.8076923076923077, 0.8076923076923077] 
t3 = [0.22369003295898438, 8.167887449264526, 12.162120819091797, 16.23906421661377, 20.28492307662964, 24.315030097961426, 28.400887727737427, 32.019097328186035, 36.42835474014282, 40.06093716621399, 44.01134967803955, 48.30716276168823, 52.3490948677063, 56.228233098983765, 60.31811046600342, 64.11547756195068] 
q3 = [0.5957446808510638, 0.7499999999999999, 0.7499999999999999, 0.7499999999999999, 0.7499999999999999, 0.7499999999999999, 0.7499999999999999, 0.7499999999999999, 0.7567567567567568, 0.7924528301886793, 0.8316831683168318, 0.8316831683168318, 0.8076923076923077, 0.8076923076923077, 0.8076923076923077, 0.8076923076923077] 
sameple id : 13
t1 = [0.19949698448181152, 8.054695844650269, 12.065574407577515, 16.001542568206787, 20.128743171691895, 24.427688121795654, 28.075398206710815, 32.098299503326416, 36.273305892944336, 40.21287178993225, 44.30865669250488, 48.11712074279785, 52.42069220542908, 56.21652698516846, 60.01539492607117, 64.25561189651489] 
q1 = [0.7499999999999999, 0.7777777777777777, 0.7999999999999999, 0.8175182481751825, 0.8702290076335879, 0.8837209302325582, 0.8837209302325582, 0.8837209302325582, 0.8837209302325582, 0.890625, 0.890625, 0.8976377952755905, 0.8976377952755905, 0.9047619047619047, 0.9119999999999999, 0.9119999999999999] 
t2 = [0.185791015625, 8.134805917739868, 12.08052396774292, 16.277942657470703, 20.411988019943237, 24.323892831802368, 28.0312557220459, 32.33907771110535, 36.08403992652893, 40.01398730278015, 44.17577052116394, 48.40518260002136, 52.03591299057007, 56.228992223739624, 60.02925229072571, 64.06862735748291] 
q2 = [0.7499999999999999, 0.7702702702702703, 0.7755102040816326, 0.7862068965517242, 0.7862068965517242, 0.7972027972027972, 0.8085106382978724, 0.8201438848920863, 0.832116788321168, 0.8382352941176471, 0.8444444444444443, 0.8636363636363636, 0.8769230769230769, 0.8837209302325582, 0.9047619047619047, 0.9193548387096774] 
t3 = [0.20760083198547363, 8.11272144317627, 12.104857206344604, 16.434495449066162, 20.229620695114136, 24.092370748519897, 28.31711459159851, 32.42969608306885, 36.08031129837036, 40.35864734649658, 44.264944553375244, 48.013638973236084, 52.0472047328949, 56.441974401474, 60.02781796455383] 
q3 = [0.7499999999999999, 0.8507462686567165, 0.8507462686567165, 0.8507462686567165, 0.8507462686567165, 0.8507462686567165, 0.8507462686567165, 0.8507462686567165, 0.8507462686567165, 0.8507462686567165, 0.9047619047619047, 0.9344262295081968, 0.9193548387096774, 0.9193548387096774, 0.9193548387096774] 
sameple id : 14
t1 = [0.2065141201019287, 8.167863845825195, 12.143998861312866, 16.04178023338318, 20.28132200241089, 24.344013214111328, 28.26188015937805, 32.137032985687256, 36.32511878013611, 40.23484253883362, 44.37958550453186, 48.42418336868286, 52.03347158432007, 56.10128045082092, 60.24794554710388] 
q1 = [0.6394557823129252, 0.6713286713286714, 0.7164179104477612, 0.7175572519083969, 0.761904761904762, 0.7741935483870968, 0.7741935483870968, 0.7741935483870968, 0.7741935483870968, 0.7741935483870968, 0.7741935483870968, 0.7868852459016393, 0.7868852459016393, 0.7933884297520661, 0.8067226890756303] 
t2 = [0.1929330825805664] 
q2 = [0.6394557823129252] 
t3 = [0.21039915084838867, 8.3357675075531, 13.267998695373535, 16.720072746276855, 20.16005277633667, 24.537853002548218, 28.073296546936035, 32.222421169281006, 36.132991552352905, 40.79921746253967, 44.54556679725647, 48.300143003463745, 812.5599970817566, 812.5599970817566, 812.5780692100525] 
q3 = [0.6394557823129252, 0.7479674796747966, 0.7479674796747966, 0.7479674796747966, 0.7479674796747966, 0.7479674796747966, 0.7479674796747966, 0.7479674796747966, 0.7479674796747966, 0.7479674796747966, 0.7479674796747966, 0.7479674796747966, 0.7479674796747966, 0.7479674796747966, 0.7479674796747966] 
sameple id : 15
t1 = [0.7411201000213623, 8.092177867889404, 12.056303977966309, 16.22737741470337, 20.0937819480896, 24.197880506515503, 28.00241255760193, 32.02678871154785, 36.84638476371765, 710.6119785308838] 
q1 = [0.6853146853146853, 0.7, 0.7153284671532847, 0.7313432835820894, 0.7480916030534351, 0.7596899224806202, 0.765625, 0.8, 0.8064516129032258, 0.8064516129032258] 
t2 = [0.19197583198547363, 8.41466760635376, 12.814880609512329, 16.01989459991455, 20.217883348464966, 25.196425437927246, 29.03111505508423, 32.26096534729004, 36.02222537994385, 40.6329026222229, 44.320087909698486, 48.47994589805603, 52.231778144836426, 57.26630210876465, 60.99143719673157, 64.71432638168335, 68.39778685569763, 72.07552599906921, 76.02260899543762, 80.08498787879944, 84.06334972381592, 88.22007083892822, 93.27865147590637, 97.0310173034668, 100.72664904594421, 104.45695614814758, 108.1419723033905, 112.29002976417542, 117.17936873435974, 120.69647860527039, 124.53002882003784, 128.29920554161072, 132.06148862838745, 136.31837058067322, 140.01481938362122, 144.8004002571106, 148.19725918769836, 152.09355688095093, 156.7320477962494] 
q2 = [0.6853146853146853, 0.7101449275362319, 0.7101449275362319, 0.7050359712230216, 0.7050359712230216, 0.7101449275362319, 0.7194244604316548, 0.7194244604316548, 0.7142857142857143, 0.7142857142857143, 0.7142857142857143, 0.7142857142857143, 0.7194244604316548, 0.7299270072992701, 0.7299270072992701, 0.7407407407407407, 0.7462686567164178, 0.7462686567164178, 0.7462686567164178, 0.7518796992481204, 0.7575757575757575, 0.7633587786259541, 0.7692307692307693, 0.7751937984496124, 0.7751937984496124, 0.7812500000000001, 0.7874015748031497, 0.7874015748031497, 0.7936507936507937, 0.7936507936507937, 0.8, 0.8064516129032258, 0.8130081300813007, 0.819672131147541, 0.8333333333333333, 0.8333333333333333, 0.8333333333333333, 0.8333333333333333, 0.8333333333333333] 
t3 = [0.7469170093536377, 8.109312295913696, 12.128329038619995, 16.60937738418579, 20.229553699493408, 24.07549023628235, 28.002957344055176, 32.72050189971924, 36.032381772994995, 40.251094341278076, 44.67355442047119, 48.20107126235962, 52.291383266448975, 56.374075412750244, 60.80096435546875, 64.3493402004242, 68.75845193862915, 72.33128809928894, 76.11821389198303, 80.36098456382751, 84.48363256454468, 88.43816995620728, 92.37534666061401, 96.0828800201416, 100.39008092880249, 104.19570684432983, 108.12954497337341] 
q3 = [0.6853146853146853, 0.7259259259259259, 0.7874015748031497, 0.7874015748031497, 0.7874015748031497, 0.7874015748031497, 0.7874015748031497, 0.7874015748031497, 0.7874015748031497, 0.7874015748031497, 0.7874015748031497, 0.7874015748031497, 0.7874015748031497, 0.7874015748031497, 0.7874015748031497, 0.7874015748031497, 0.7874015748031497, 0.7874015748031497, 0.7874015748031497, 0.8064516129032258, 0.8333333333333333, 0.8547008547008548, 0.8771929824561403, 0.8547008547008548, 0.8547008547008548, 0.8547008547008548, 0.8547008547008548] 
sameple id : 16
t1 = [0.2435450553894043, 8.14064621925354, 12.11291241645813, 16.152541875839233, 20.026941537857056, 24.452503442764282, 28.36108136177063, 32.10599184036255, 36.308753967285156, 40.1351273059845, 44.340545415878296, 48.23845839500427, 52.462242126464844, 56.07393980026245, 60.223326206207275, 64.40