sameple id : 0
t1 = [0.2706780433654785, 8.115753889083862, 12.155696392059326, 16.12215757369995, 20.021397829055786, 24.379891395568848, 28.00989842414856, 32.27880120277405, 36.004592180252075, 40.15445876121521, 44.3769109249115, 48.130085468292236, 52.35952639579773, 56.219322204589844, 60.35106348991394] 
q1 = [0.5957446808510638, 0.6031746031746031, 0.64, 0.6611570247933884, 0.7241379310344828, 0.743362831858407, 0.7499999999999999, 0.7567567567567568, 0.7636363636363637, 0.7567567567567568, 0.7636363636363637, 0.7706422018348624, 0.7706422018348624, 0.7850467289719627, 0.7850467289719627] 
t2 = [0.2553679943084717, 8.05635952949524, 12.032795667648315, 16.388972759246826, 20.330708980560303, 24.18546986579895, 28.189854383468628, 32.07646369934082, 36.1031653881073, 40.16021227836609, 44.142157316207886, 48.08039212226868, 52.00366401672363, 56.371236085891724, 60.420539140701294, 64.36282134056091] 
q2 = [0.5957446808510638, 0.6, 0.608, 0.6178861788617886, 0.628099173553719, 0.6333333333333333, 0.65, 0.6446280991735538, 0.6666666666666666, 0.6949152542372882, 0.706896551724138, 0.7241379310344828, 0.7304347826086955, 0.7567567567567568, 0.7706422018348624, 0.7850467289719627] 
t3 = [0.26013612747192383, 8.21425747871399, 12.275785446166992, 16.04879331588745, 20.28157067298889, 24.253528118133545, 28.03062129020691, 32.36591148376465, 36.19657039642334, 40.028728008270264, 44.391233921051025, 48.16648197174072, 52.097827434539795, 57.51478552818298, 60.39873671531677, 64.30957007408142, 68.0883264541626] 
q3 = [0.5957446808510638, 0.7241379310344828, 0.7241379310344828, 0.7241379310344828, 0.7241379310344828, 0.7241379310344828, 0.7241379310344828, 0.7000000000000001, 0.711864406779661, 0.7499999999999999, 0.7567567567567568, 0.8, 0.8235294117647058, 0.8, 0.8, 0.8076923076923077, 0.8] 
sameple id : 1
t1 = [0.41637587547302246, 8.092580795288086, 12.04407286643982, 16.070255756378174, 20.039729595184326, 28.343417167663574, 30.927107095718384, 32.13048601150513, 36.245327949523926, 40.28292179107666, 45.60170793533325, 48.10595893859863, 52.439740896224976, 57.74361276626587, 61.10698676109314, 64.99262285232544, 68.36351656913757, 72.07943964004517, 76.13338160514832, 81.2562153339386, 84.37362456321716, 88.39870429039001, 92.45906209945679, 96.48244500160217, 100.52697992324829, 106.15109586715698, 108.34059882164001] 
q1 = [0.6569343065693432, 0.6715328467153284, 0.6814814814814816, 0.71875, 0.7317073170731707, 0.773109243697479, 0.773109243697479, 0.773109243697479, 0.773109243697479, 0.7863247863247863, 0.7863247863247863, 0.7863247863247863, 0.8, 0.8070175438596492, 0.8070175438596492, 0.8141592920353982, 0.8141592920353982, 0.8288288288288288, 0.8440366972477064, 0.8440366972477064, 0.8363636363636363, 0.8440366972477064, 0.8440366972477064, 0.8440366972477064, 0.8518518518518519, 0.8518518518518519, 0.8518518518518519] 
t2 = [0.6217408180236816, 8.423688650131226, 13.05968451499939, 16.52734613418579, 20.09011721611023, 24.635107278823853, 28.04283595085144, 32.122384786605835, 36.04032254219055, 40.44495606422424, 44.01045799255371, 48.12890076637268, 52.07997751235962, 56.48123645782471, 60.44107985496521, 64.36487174034119, 68.30562543869019, 72.01524996757507, 76.01620578765869, 80.10605669021606] 
q2 = [0.6569343065693432, 0.6666666666666667, 0.6716417910447762, 0.6716417910447762, 0.6766917293233083, 0.6766917293233083, 0.6870229007633587, 0.6976744186046511, 0.6917293233082707, 0.7258064516129032, 0.7377049180327868, 0.7317073170731707, 0.7377049180327868, 0.75, 0.75, 0.773109243697479, 0.7796610169491525, 0.8, 0.8288288288288288, 0.8363636363636363] 
t3 = [0.31635618209838867, 8.40789794921875, 12.056365489959717, 16.39611005783081, 20.30525779724121, 24.43151330947876, 28.24942398071289, 32.38918948173523, 36.158835649490356, 40.112367153167725, 44.26106309890747, 48.17136478424072, 52.155641317367554, 56.330477237701416, 60.08153295516968, 64.09272265434265] 
q3 = [0.6569343065693432, 0.736, 0.736, 0.736, 0.736, 0.736, 0.736, 0.736, 0.7317073170731707, 0.7540983606557378, 0.7931034482758621, 0.8518518518518519, 0.8363636363636363, 0.8363636363636363, 0.8363636363636363, 0.8518518518518519] 
sameple id : 2
t1 = [0.21007800102233887, 8.013501167297363, 12.078465461730957, 16.06272864341736, 20.33367681503296, 24.101928234100342, 28.35048246383667, 32.18641471862793, 36.04517722129822, 40.332536458969116, 44.3886616230011, 48.45806050300598, 52.02720665931702, 56.25934648513794, 60.21241736412048, 64.04570937156677] 
q1 = [0.6486486486486487, 0.7000000000000001, 0.7205882352941176, 0.7424242424242424, 0.7967479674796748, 0.7967479674796748, 0.7967479674796748, 0.8032786885245902, 0.8032786885245902, 0.8099173553719008, 0.8166666666666667, 0.8235294117647058, 0.8305084745762712, 0.8448275862068965, 0.8275862068965516, 0.8275862068965516] 
t2 = [0.19588303565979004, 8.073448896408081, 12.070765972137451, 16.034088373184204, 20.23011016845703, 24.00972080230713, 28.15209674835205, 32.410003662109375, 36.07610273361206, 40.1643648147583, 44.31741523742676, 48.04549837112427, 52.132479190826416, 56.27759313583374, 60.04422950744629, 64.1852548122406, 68.43596076965332] 
q2 = [0.6486486486486487, 0.6805555555555556, 0.6853146853146853, 0.7000000000000001, 0.7050359712230216, 0.7205882352941176, 0.7313432835820896, 0.7368421052631579, 0.7258064516129031, 0.752, 0.7580645161290323, 0.7642276422764227, 0.7642276422764227, 0.7833333333333333, 0.8067226890756303, 0.8275862068965516, 0.831858407079646] 
t3 = [0.510124921798706, 8.274681806564331, 12.086479187011719, 16.495777130126953, 20.02566409111023, 24.15292191505432, 28.27694582939148, 32.64007806777954, 36.09276843070984, 40.28515362739563, 44.176915407180786, 48.656994581222534, 55.32068848609924, 59.48719763755798, 61.9335196018219, 65.69432854652405, 68.29193758964539, 72.02801060676575, 78.57654547691345, 80.24662733078003, 85.83181524276733, 88.84537124633789, 92.5471863746643, 96.02628564834595, 100.13752794265747, 104.04921507835388, 108.28268718719482, 112.15772008895874, 116.03824806213379] 
q3 = [0.6486486486486487, 0.7559055118110237, 0.7559055118110237, 0.7559055118110237, 0.7559055118110237, 0.7559055118110237, 0.7559055118110237, 0.7559055118110237, 0.7559055118110237, 0.7559055118110237, 0.7559055118110237, 0.7559055118110237, 0.7559055118110237, 0.7559055118110237, 0.7619047619047619, 0.768, 0.7741935483870968, 0.7741935483870968, 0.7619047619047619, 0.768, 0.8067226890756303, 0.8135593220338982, 0.8275862068965516, 0.8571428571428572, 0.8347826086956521, 0.8347826086956521, 0.8347826086956521, 0.8421052631578948, 0.8421052631578948] 
sameple id : 3
t1 = [0.201995849609375, 8.419279098510742, 12.12757396697998, 16.028112173080444, 20.1145281791687, 26.17794394493103, 28.05119013786316, 32.198407888412476, 36.23958349227905, 40.32164740562439, 44.37206745147705, 48.23990488052368, 52.13320994377136, 56.39686965942383, 60.29567885398865, 64.41544961929321, 68.01245093345642] 
q1 = [0.6153846153846153, 0.6376811594202899, 0.6564885496183206, 0.6771653543307087, 0.728813559322034, 0.7787610619469026, 0.7787610619469026, 0.7927927927927928, 0.7857142857142858, 0.7927927927927928, 0.8073394495412844, 0.8301886792452831, 0.8380952380952381, 0.8543689320388349, 0.8543689320388349, 0.8543689320388349, 0.8543689320388349] 
t2 = [0.19969797134399414, 8.468619585037231, 12.297738552093506, 16.131977319717407, 20.556977033615112, 24.355255126953125, 28.33880114555359, 32.01290678977966, 36.4842095375061, 40.09187150001526, 44.041085958480835, 48.68423295021057, 52.36162877082825, 56.0281662940979, 60.379433393478394, 64.2166063785553, 68.28159523010254, 72.2541811466217] 
q2 = [0.6153846153846153, 0.6330935251798561, 0.6470588235294118, 0.6470588235294118, 0.6518518518518518, 0.6666666666666666, 0.682170542635659, 0.6984126984126985, 0.7213114754098361, 0.7333333333333334, 0.7457627118644068, 0.7586206896551725, 0.8, 0.8148148148148148, 0.822429906542056, 0.8380952380952381, 0.8543689320388349, 0.8543689320388349] 
t3 = [0.22477197647094727, 8.006604194641113, 12.182771444320679, 16.00428605079651, 20.410770177841187, 24.408263683319092, 28.438668966293335, 32.11295437812805, 36.24528765678406, 40.38139033317566, 44.46207046508789, 48.09094858169556, 52.3479437828064, 56.05843687057495, 60.13597917556763, 64.44031572341919, 68.46831607818604, 72.19976305961609, 76.13739085197449] 
q3 = [0.6153846153846153, 0.7857142857142858, 0.7857142857142858, 0.7857142857142858, 0.7857142857142858, 0.7857142857142858, 0.7857142857142858, 0.7857142857142858, 0.7857142857142858, 0.7857142857142858, 0.8148148148148148, 0.8380952380952381, 0.8712871287128713, 0.8712871287128713, 0.8712871287128713, 0.8543689320388349, 0.8543689320388349, 0.8543689320388349, 0.8543689320388349] 
sameple id : 4
t1 = [0.2301628589630127, 8.125754833221436, 12.027455806732178, 16.114797830581665, 20.001256465911865, 24.092464685440063, 28.35190749168396, 32.28172016143799, 36.150920391082764, 40.25271558761597, 44.430702686309814, 48.210166215896606, 52.00406551361084, 56.096054553985596, 60.21993374824524, 64.42732191085815] 
q1 = [0.6711409395973155, 0.6993006993006993, 0.7462686567164178, 0.7812500000000001, 0.819672131147541, 0.819672131147541, 0.819672131147541, 0.819672131147541, 0.8333333333333333, 0.8547008547008548, 0.8620689655172413, 0.8695652173913044, 0.8771929824561403, 0.8771929824561403, 0.8849557522123894, 0.8928571428571428] 
t2 = [0.2136828899383545, 8.028570890426636, 12.213043212890625, 16.0465989112854, 20.01274275779724, 24.43025541305542, 28.35749363899231, 32.200605630874634, 36.17034101486206, 40.146780252456665, 44.29462504386902, 48.2877299785614, 52.173484563827515, 56.114481687545776, 60.10857677459717, 64.04582333564758] 
q2 = [0.6711409395973155, 0.684931506849315, 0.6944444444444444, 0.7518796992481204, 0.7575757575757575, 0.7751937984496124, 0.7462686567164178, 0.7575757575757575, 0.7692307692307693, 0.8130081300813007, 0.819672131147541, 0.8333333333333333, 0.8547008547008548, 0.8547008547008548, 0.8771929824561403, 0.8849557522123894] 
t3 = [0.20837998390197754, 8.466569185256958, 12.434536457061768, 16.09625220298767, 20.191623210906982, 24.164578914642334, 28.15084719657898, 32.22095561027527, 36.11432766914368, 40.00312781333923, 44.04851961135864, 48.359445095062256, 52.11558699607849, 56.06706261634827, 60.056548833847046, 64.14308595657349] 
q3 = [0.6711409395973155, 0.7812500000000001, 0.7812500000000001, 0.7812500000000001, 0.7812500000000001, 0.7812500000000001, 0.7812500000000001, 0.7812500000000001, 0.7812500000000001, 0.7936507936507937, 0.8264462809917354, 0.8771929824561403, 0.9090909090909091, 0.9009009009009009, 0.9009009009009009, 0.9090909090909091] 
sameple id : 5
t1 = [0.20919585227966309, 8.086764335632324, 12.045088052749634, 16.113332271575928, 20.0105242729187, 24.167857885360718, 28.37986922264099, 32.00749373435974, 36.12735629081726, 40.03967833518982, 44.44819903373718, 48.28524303436279, 52.07012724876404, 56.30430555343628, 60.3218629360199, 64.08710432052612] 
q1 = [0.625, 0.6617647058823529, 0.6923076923076924, 0.7377049180327869, 0.7377049180327869, 0.7377049180327869, 0.743801652892562, 0.7499999999999999, 0.7499999999999999, 0.7563025210084033, 0.7627118644067796, 0.7692307692307693, 0.7758620689655172, 0.7964601769911505, 0.7964601769911505, 0.8108108108108109] 
t2 = [0.20965814590454102, 8.403780698776245, 12.450592517852783, 16.330861568450928, 20.428035974502563, 24.292285203933716, 28.00565528869629, 32.432650327682495, 36.140098571777344, 40.024118185043335, 44.36523938179016, 48.1800274848938, 52.17030072212219, 56.40494465827942, 60.0909788608551, 64.37382507324219] 
q2 = [0.625, 0.625, 0.6569343065693432, 0.6716417910447761, 0.6521739130434783, 0.6716417910447761, 0.6818181818181819, 0.6923076923076924, 0.7031249999999999, 0.7142857142857143, 0.7377049180327869, 0.7627118644067796, 0.7758620689655172, 0.782608695652174, 0.7964601769911505, 0.8108108108108109] 
t3 = [0.20428991317749023, 8.028653144836426, 12.0685453414917, 16.126514673233032, 20.124380588531494, 24.096899271011353, 28.15200638771057, 32.304298639297485, 36.41609716415405, 40.04572343826294, 44.024874448776245, 48.05839443206787, 52.12777352333069, 56.00965166091919, 60.00519800186157] 
q3 = [0.625, 0.7258064516129034, 0.7258064516129034, 0.7258064516129034, 0.7258064516129034, 0.7258064516129034, 0.7258064516129034, 0.7258064516129034, 0.7377049180327869, 0.7563025210084033, 0.7964601769911505, 0.8490566037735848, 0.8108108108108109, 0.8108108108108109, 0.8108108108108109] 
sameple id : 6
t1 = [0.20752501487731934, 8.12571382522583, 12.059476852416992, 16.09775948524475, 20.782095193862915, 24.440401315689087, 28.174497365951538, 32.45989203453064, 36.24336838722229, 40.058332204818726, 44.677385330200195, 49.369375705718994, 52.43395686149597, 56.688669204711914, 60.37809610366821, 64.42271137237549, 68.14734530448914, 72.1774468421936] 
q1 = [0.6901408450704226, 0.7313432835820894, 0.7518796992481204, 0.7596899224806202, 0.8064516129032258, 0.8064516129032258, 0.8032786885245902, 0.8099173553719008, 0.8099173553719008, 0.8166666666666667, 0.8305084745762712, 0.8305084745762712, 0.8305084745762712, 0.8448275862068965, 0.8448275862068965, 0.8448275862068965, 0.8448275862068965, 0.8448275862068965] 
t2 = [0.21039104461669922, 8.078298091888428, 12.264687776565552, 16.017286777496338, 20.060826539993286, 24.361133575439453, 28.296956300735474, 32.166858196258545, 36.12458086013794, 40.12710428237915, 44.05706286430359, 48.05775785446167, 52.07983613014221, 56.43065047264099, 60.16966009140015, 64.22902846336365] 
q2 = [0.6901408450704226, 0.7142857142857143, 0.7153284671532847, 0.7259259259259259, 0.7259259259259259, 0.7368421052631579, 0.7596899224806202, 0.7596899224806202, 0.7716535433070867, 0.784, 0.7903225806451613, 0.7967479674796748, 0.8166666666666667, 0.823529411764706, 0.8305084745762712, 0.8448275862068965] 
t3 = [0.20690703392028809, 8.379833221435547, 12.365878582000732, 16.029147386550903, 20.045270919799805, 24.173333883285522, 28.252278327941895, 32.317408084869385, 36.33329224586487, 40.00443387031555, 44.42971420288086, 48.353310108184814, 52.027780532836914, 56.21580743789673, 60.44640517234802, 64.02974009513855] 
q3 = [0.6901408450704226, 0.7777777777777777, 0.7777777777777777, 0.7777777777777777, 0.7777777777777777, 0.7777777777777777, 0.7777777777777777, 0.7777777777777777, 0.7777777777777777, 0.7967479674796748, 0.8448275862068965, 0.8749999999999999, 0.8521739130434782, 0.8521739130434782, 0.8521739130434782, 0.8448275862068965] 
sameple id : 7
t1 = [0.22663116455078125, 8.116243839263916, 12.0320303440094, 16.00772786140442, 20.121843338012695, 24.20526885986328, 28.433529138565063, 32.009814500808716, 36.02368211746216, 40.15114641189575, 44.15772747993469, 48.401894330978394, 52.379929065704346, 56.2689266204834, 60.1357147693634, 64.04243874549866] 
q1 = [0.6799999999999999, 0.7007299270072993, 0.7328244274809161, 0.7680000000000001, 0.8196721311475409, 0.8264462809917354, 0.8196721311475409, 0.8264462809917354, 0.8403361344537814, 0.8403361344537814, 0.847457627118644, 0.8547008547008548, 0.847457627118644, 0.8547008547008548, 0.8695652173913042, 0.8771929824561403] 
t2 = [0.2170569896697998, 8.027598857879639, 12.01607608795166, 16.416707515716553, 20.300822973251343, 24.196696996688843, 28.10062313079834, 32.16878008842468, 36.13296890258789, 40.05459666252136, 44.108980894088745, 48.0949068069458, 52.24755239486694, 56.18205785751343, 60.043556690216064, 64.23127365112305] 
q2 = [0.6799999999999999, 0.7034482758620689, 0.7234042553191489, 0.7285714285714285, 0.7299270072992701, 0.7407407407407407, 0.7407407407407407, 0.7777777777777777, 0.7716535433070866, 0.7777777777777777, 0.7903225806451611, 0.7903225806451611, 0.8099173553719008, 0.8305084745762712, 0.847457627118644, 0.8620689655172413] 
t3 = [0.19819998741149902, 8.114545345306396, 12.118925333023071, 16.47141718864441, 20.328816652297974, 24.332491159439087, 28.369248390197754, 32.465134620666504, 36.09445357322693, 40.08441948890686, 44.08978772163391, 48.232767820358276, 52.0102653503418, 56.21365547180176, 60.10131859779358, 64.05940318107605] 
q3 = [0.6799999999999999, 0.8292682926829268, 0.8292682926829268, 0.8292682926829268, 0.8292682926829268, 0.8292682926829268, 0.8292682926829268, 0.82926829