sameple id : 0
t1 = [0, 8.071108341217041, 12.004071950912476, 16.098514795303345, 20.017302989959717, 24.007774114608765, 28.107969522476196, 32.01821684837341, 36.0900821685791, 40.020734786987305, 44.09000086784363, 48.01882886886597, 52.09964466094971, 56.04797959327698, 60.107698917388916, 64.07471776008606, 68.00326657295227, 72.0723786354065, 76.13423418998718, 80.02725625038147, 84.12417674064636, 88.0767195224762, 92.12474465370178, 96.05192852020264, 100.14084124565125, 104.07058477401733, 108.1078782081604, 112.04966759681702, 116.11212611198425, 120.0659077167511] 
q1 = [0.6816816816816816, 0.6852830188679245, 0.6863636363636364, 0.6884003032600454, 0.6920152091254752, 0.6967840735068913, 0.700077101002313, 0.7027027027027026, 0.7059736229635376, 0.708171206225681, 0.7104851330203443, 0.7117046347211313, 0.713166144200627, 0.7175452399685287, 0.7189231987331749, 0.7223548130469373, 0.7269815852682147, 0.7291666666666667, 0.7357429718875503, 0.7391304347826088, 0.741337630942788, 0.741337630942788, 0.7427184466019418, 0.7453213995117981, 0.7504078303425774, 0.7547169811320754, 0.7594728171334432, 0.7645107794361526, 0.768079800498753, 0.7706422018348624] 
t2 = [0, 8.413655042648315, 12.012272119522095, 16.20371150970459, 20.030668258666992, 24.153934001922607, 28.32662081718445, 32.12790012359619, 36.21353244781494, 40.02106237411499, 44.05952453613281, 48.30560374259949, 52.01794791221619, 56.25328707695007, 60.109164237976074, 64.25677704811096, 68.13973903656006, 72.21448802947998, 76.01546287536621, 80.03646969795227, 84.25355315208435, 88.08410739898682, 92.13854837417603, 96.33439540863037, 100.0000729560852, 104.21039009094238, 108.39963722229004, 112.02048826217651, 116.18393516540527] 
q2 = [0.6816816816816816, 0.6816816816816816, 0.6832204665161776, 0.6842501883948757, 0.6852830188679245, 0.6863189720332578, 0.6883509833585477, 0.6893939393939394, 0.690909090909091, 0.6914329037149355, 0.6914329037149355, 0.6919575113808801, 0.6935361216730038, 0.6940639269406393, 0.6945925361766946, 0.6966463414634146, 0.6987767584097859, 0.7003058103975536, 0.7013782542113324, 0.7024539877300614, 0.7040737893927748, 0.7062451811873555, 0.7073359073359073, 0.708430007733952, 0.7089783281733746, 0.710077519379845, 0.7127329192546584, 0.7131782945736436, 0.7142857142857143] 
t3 = [0, 8.022036790847778, 12.016883134841919, 16.02439570426941, 20.00840449333191, 24.03696370124817, 28.012294054031372, 32.02824378013611, 36.01874232292175, 40.21529483795166, 44.03044867515564, 48.27885031700134, 52.09072136878967, 56.3291392326355, 60.07296347618103, 64.22609949111938, 68.11615562438965, 72.32290434837341, 76.0921835899353, 80.34768104553223, 84.14510989189148, 88.33880233764648, 92.12427973747253, 96.2773323059082, 100.00722122192383, 104.13963294029236, 108.28316116333008, 112.10258865356445, 116.33990144729614, 120.12851119041443] 
q3 = [0.6816816816816816, 0.693783576362241, 0.7041373926619829, 0.7192982456140351, 0.7327376116978066, 0.7502088554720134, 0.7795138888888888, 0.8097385031559964, 0.8378615249780895, 0.8456260720411662, 0.8456260720411662, 0.8456260720411662, 0.8456260720411662, 0.8456260720411662, 0.8456260720411662, 0.8456260720411662, 0.8456260720411662, 0.8456260720411662, 0.8456260720411662, 0.8456260720411662, 0.8456260720411662, 0.8456260720411662, 0.8456260720411662, 0.8456260720411662, 0.8456260720411662, 0.8456260720411662, 0.8456260720411662, 0.8456260720411662, 0.8456260720411662, 0.8456260720411662] 
sameple id : 1
t1 = [0, 8.128065824508667, 12.129267692565918, 16.033159255981445, 20.06653332710266, 24.116768836975098, 28.1284658908844, 32.03757381439209, 36.08010482788086, 40.12330484390259, 44.01187801361084, 48.015520334243774, 52.047982692718506, 56.09530448913574, 60.104822635650635, 64.01833581924438, 68.06147527694702, 72.13454103469849, 76.03661012649536, 80.0769555568695, 84.08414769172668, 88.1004478931427, 92.00867581367493, 96.03158140182495, 100.06331515312195, 104.12825536727905, 108.0060486793518, 112.0595052242279, 116.06534624099731, 120.07557415962219] 
q1 = [0.6895522388059703, 0.694091249065071, 0.6957831325301205, 0.6963746223564954, 0.6990144048521608, 0.7012195121951218, 0.7049808429118773, 0.706605222734255, 0.7092307692307692, 0.7114197530864196, 0.714506172839506, 0.7139552814186584, 0.7192575406032483, 0.7219209914794733, 0.7248636009353078, 0.7251370399373532, 0.7279874213836478, 0.7297084318360914, 0.7347585114806018, 0.7402700555996824, 0.7414478918058871, 0.7414478918058871, 0.7426294820717131, 0.7457898957497995, 0.7506014434643143, 0.7552334943639292, 0.7582861762328214, 0.7615947925142391, 0.7648494711147275, 0.7686017988552739] 
t2 = [0, 8.224475383758545, 12.012359142303467, 16.00370740890503, 20.222604274749756, 24.0324387550354, 28.01812767982483, 32.219346046447754, 36.00860142707825, 40.05522131919861, 44.225224018096924, 48.03589391708374, 52.10099697113037, 56.31710410118103, 60.07638597488403, 64.1021842956543, 68.27493572235107, 72.06748056411743, 76.09154891967773, 80.28507423400879, 84.05643677711487, 88.08820796012878, 92.32951211929321, 96.05863451957703, 100.12322521209717, 104.33051490783691, 108.12746167182922, 112.16731333732605, 116.02292084693909] 
q2 = [0.6895522388059703, 0.691044776119403, 0.6905294556301268, 0.694091249065071, 0.6961077844311377, 0.6976744186046512, 0.6987227648384673, 0.6997742663656883, 0.7008289374529013, 0.7018867924528303, 0.702416918429003, 0.7019667170953101, 0.7024981074943224, 0.7046317388003037, 0.7051671732522796, 0.7057034220532319, 0.7083015993907084, 0.7088414634146342, 0.7099236641221373, 0.7115531752104055, 0.7126436781609194, 0.7137375287797391, 0.7137375287797391, 0.7153846153846154, 0.7153846153846154, 0.7169230769230769, 0.7180277349768875, 0.7185813415574404, 0.7185813415574404] 
t3 = [0, 8.01541018486023, 12.001818895339966, 16.007102012634277, 20.012057304382324, 24.001916646957397, 28.000011682510376, 32.03751277923584, 36.03629016876221, 40.01413154602051, 44.15139055252075, 48.26205849647522, 52.006693840026855, 56.14941358566284, 60.25966024398804, 64.41262602806091, 68.16917634010315, 72.2590479850769, 76.01643443107605, 80.12594056129456, 84.32550287246704, 88.12803792953491, 92.398197889328, 96.10939526557922, 100.27401971817017, 104.04610991477966, 108.31152009963989, 112.03209924697876, 116.14529752731323, 120.27356219291687] 
q3 = [0.6895522388059703, 0.7012195121951218, 0.7061538461538461, 0.7251184834123222, 0.7349879903923139, 0.7485667485667487, 0.7732656514382402, 0.7996500437445321, 0.8391608391608392, 0.8515358361774743, 0.8505942275042446, 0.8505942275042446, 0.8505942275042446, 0.8505942275042446, 0.8505942275042446, 0.8505942275042446, 0.8505942275042446, 0.8505942275042446, 0.8505942275042446, 0.8505942275042446, 0.8505942275042446, 0.8505942275042446, 0.8505942275042446, 0.8505942275042446, 0.8505942275042446, 0.8505942275042446, 0.8505942275042446, 0.8505942275042446, 0.8505942275042446, 0.8505942275042446] 
sameple id : 2
t1 = [0, 8.141054391860962, 12.007903099060059, 16.040385484695435, 20.049975395202637, 24.10253119468689, 28.125004291534424, 32.00367093086243, 36.05583739280701, 40.11205577850342, 44.02426552772522, 48.08421492576599, 52.04568958282471, 56.10589861869812, 60.011155128479004, 64.04311323165894, 68.08382511138916, 72.11756873130798, 76.13331031799316, 80.04985284805298, 84.09739398956299, 88.13862800598145, 92.0383665561676, 96.08139061927795, 100.09905076026917, 104.14000368118286, 108.02725791931152, 112.09211468696594, 116.11831998825073, 120.01634073257446] 
q1 = [0.6816479400749065, 0.6861423220973782, 0.6882043576258452, 0.6942771084337349, 0.6978851963746224, 0.7006079027355623, 0.7058823529411765, 0.7085889570552147, 0.7131901840490797, 0.7159353348729792, 0.7166023166023165, 0.7172734314484895, 0.721056721056721, 0.7234375, 0.729984301412873, 0.7324388318863457, 0.7353407290015848, 0.7386814932486101, 0.7426294820717132, 0.7470071827613728, 0.7461969575660529, 0.7488, 0.7504025764895331, 0.7544426494345718, 0.7587327376116978, 0.7653311529026983, 0.7703703703703704, 0.771900826446281, 0.7745664739884394, 0.7790697674418604] 
t2 = [0, 8.19167160987854, 12.394377708435059, 16.031933784484863, 20.223698139190674, 24.062716245651245, 28.083044290542603, 32.27262496948242, 36.088048696517944, 40.095582246780396, 44.29553556442261, 48.08333373069763, 52.16153383255005, 56.36738657951355, 60.037379026412964, 64.2184989452362, 68.06788730621338, 72.09188294410706, 76.3036105632782, 80.00929117202759, 84.35968041419983, 88.03424072265625, 92.26850938796997, 96.04667282104492, 100.08858513832092, 104.38414239883423, 108.01701831817627, 112.19599461555481, 116.0067834854126] 
q2 = [0.6816479400749065, 0.68215892053973, 0.6831460674157304, 0.6846846846846847, 0.6861861861861862, 0.6867017280240421, 0.6882043576258452, 0.6887218045112783, 0.6892400300978179, 0.6892400300978179, 0.6923076923076923, 0.6943396226415094, 0.6953892668178383, 0.6969696969696969, 0.6984848484848485, 0.7000759301442673, 0.7010622154779971, 0.702661596958175, 0.7037319116527038, 0.7048054919908467, 0.7053435114503818, 0.7064220183486238, 0.7075038284839203, 0.7096774193548386, 0.7102229054573406, 0.7107692307692307, 0.7123076923076924, 0.7128560431100848, 0.7143956889915318] 
t3 = [0, 8.00268006324768, 12.018779754638672, 16.027964115142822, 20.001840591430664, 24.03950309753418, 28.018336296081543, 32.009706258773804, 36.02258515357971, 40.02402973175049, 44.11350655555725, 48.264543294906616, 52.00270080566406, 56.170621156692505, 60.38730311393738, 64.12867164611816, 68.24099349975586, 72.33991694450378, 76.1022093296051, 80.22708559036255, 84.36196875572205, 88.08828091621399, 92.2400438785553, 96.39057803153992, 100.13198924064636, 104.31023836135864, 108.02796649932861, 112.22973966598511, 116.36477446556091, 120.10301494598389] 
q3 = [0.6816479400749065, 0.6963190184049081, 0.7024087024087023, 0.7226219024780175, 0.7325769854132901, 0.7454545454545455, 0.770940170940171, 0.7982300884955752, 0.8376220053238688, 0.8504753673292998, 0.8502581755593803, 0.8502581755593803, 0.8502581755593803, 0.8502581755593803, 0.8502581755593803, 0.8502581755593803, 0.8502581755593803, 0.8502581755593803, 0.8502581755593803, 0.8502581755593803, 0.8502581755593803, 0.8502581755593803, 0.8502581755593803, 0.8502581755593803, 0.8502581755593803, 0.8502581755593803, 0.8502581755593803, 0.8502581755593803, 0.8437233134073442, 0.8437233134073442] 
sameple id : 3
t1 = [0, 8.139612913131714, 12.085211753845215, 16.11579990386963, 20.04878568649292, 24.103537559509277, 28.012974977493286, 32.018885374069214, 36.092265605926514, 40.00200366973877, 44.112656593322754, 48.0603187084198, 52.11024355888367, 56.074381589889526, 60.14016389846802, 64.03380560874939, 68.03774046897888, 72.09021949768066, 76.12482285499573, 80.14247250556946, 84.01604461669922, 88.01504874229431, 92.01748275756836, 96.06632089614868, 100.13743877410889, 104.06831431388855, 108.10784101486206, 112.01001930236816, 116.04644632339478, 120.05108046531677] 
q1 = [0.6646294881589, 0.6681957186544343, 0.6697388632872504, 0.6723207401696223, 0.6764478764478764, 0.6801556420233464, 0.6849100860046912, 0.6875981161695448, 0.6898184688239938, 0.6935866983372921, 0.6952380952380952, 0.6968973747016707, 0.7024, 0.7052208835341366, 0.7095736122284795, 0.7131280388978931, 0.7166123778501629, 0.718954248366013, 0.7223587223587223, 0.7257799671592775, 0.7274220032840722, 0.7286184210526316, 0.7305785123966942, 0.7343880099916736, 0.7383333333333334, 0.743718592964824, 0.7468460891505466, 0.7512690355329948, 0.754877014418999, 0.7580919931856901] 
t2 = [0, 8.218055725097656, 12.381000518798828, 16.021474838256836, 20.20772409439087, 24.021444082260132, 28.05324101448059, 32.22463774681091, 36.04475545883179, 40.07095551490784, 44.30965971946716, 48.13251852989197, 52.166043281555176, 56.37147617340088, 60.1395697593689, 64.21603918075562, 68.38451862335205, 72.06090903282166, 76.28903794288635, 80.06651186943054, 84.0797336101532, 88.2337965965271, 92.04696297645569, 96.11581015586853, 100.40259552001953, 104.07588362693787, 108.24889206886292, 112.41655921936035, 116.00179314613342] 
q2 = [0.6646294881589, 0.6646294881589, 0.665646518745218, 0.6666666666666666, 0.6687116564417178, 0.669224865694551, 0.6712749615975424, 0.6717909300538049, 0.6738627602158828, 0.674364896073903, 0.674884437596302, 0.676946800308404, 0.6774691358024691, 0.6790409899458625, 0.6811145510835913, 0.6826625386996903, 0.6842513576415825, 0.686335403726708, 0.6879377431906616, 0.6895475819032761, 0.690625, 0.6922474549725919, 0.6927899686520377, 0.6938775510204082, 0.6938775510204082, 0.6955153422501967, 0.6975648075412412, 0.6986624704956726, 0.699212598425197] 
t3 = [0, 8.024932861328125, 12.00899887084961, 16.005027055740356, 20.018460988998413, 24.008840322494507, 28.00115394592285, 32.03960847854614, 36.036247968673706, 40.01428723335266, 44.026880979537964, 48.34538698196411, 52.144673109054565, 56.275866746902466, 60.107863426208496, 64.22804713249207, 68.38117551803589, 72.12853026390076, 76.03497815132141, 80.16997194290161, 84.27817034721375, 88.12039065361023, 92.26406598091125, 96.0403425693512, 100.21973180770874, 104.03956842422485, 108.18566560745239, 112.01972556114197, 116.14879965782166, 120.32673764228821] 
q3 = [0.6646294881589, 0.6786833855799372, 0.6889952153110047, 0.7081967213114754, 0.7164179104477613, 0.7306711979609175, 0.7557117750439367, 0.7796917497733454, 0.8195211786372008, 0.8364279398762159, 0.8448729184925504, 0.8448729184925504, 0.839549002601908, 0.839549002601908, 0.839549002601908, 0.839549002601908, 0.839549002601908, 0.839549002601908, 0.839549002601908, 0.839549002601908, 0.839549002601908, 0.839549002601908, 0.839549002601908, 0.839549002601908, 0.839549002601908, 0.839549002601908, 0.839549002601908, 0.839549002601908, 0.839549002601908, 0.839549002601908] 
sameple id : 4
t1 = [0, 8.037925481796265, 12.071445941925049, 16.07002568244934, 20.087992191314697, 24.13609266281128, 28.11508345603943, 32.12219858169556, 36.07530426979065, 40.039005756378174, 44.066527128219604, 48.00057601928711, 52.124215841293335, 56.072131872177124, 60.08206629753113, 64.1245858669281, 68.13918685913086, 72.03372406959534, 76.14152884483337, 80.06380605697632, 84.1363410949707, 88.0936484336853, 92.04333662986755, 96.08207845687866, 100.17911195755005, 104.14933729171753, 108.00128650665283, 112.11310386657715, 116.08107781410217, 120.12983441352844] 
q1 = [0.6788990825688073, 0.6804597701149425, 0.6815728604471858, 0.6857142857142857, 0.6924265842349304, 0.6940993788819876, 0.6978922716627635, 0.7000000000000001, 0.7037617554858935, 0.7075471698113208, 0.7092198581560284, 0.7109004739336494, 0.711568938193344, 0.7136075949367089, 0.7186009538950716, 0.7213375796178344, 0.7253803042433947, 0.7256637168141593, 0.7291835084882782, 0.7297734627831715, 0.7358184764991895, 0.7390599675850891, 0.7417004048582997, 0.7427184466019418, 0.7424857839155158, 0.7473426001635323, 0.7512274959083469, 0.7543138866064093, 0.759075907590759, 0.76158940397351] 
t2 = [0, 8.364702463150024, 12.098843097686768, 16.132758617401123, 20.017918348312378, 24.380152940750122, 28.286686420440674, 32.11949682235718, 36.290751218795776, 40.36717176437378, 44.211254596710205, 48.6333487033844, 52.08585166931152, 56.15054702758789, 60.21896409988403, 64.33286118507385, 68.26776266098022, 72.1336133480072, 76.12731194496155, 80.06550407409668, 84.29424142837524, 88.18325138092041, 92.10695314407349, 96.00850486755371, 100.10719895362854, 104.92702627182007, 108.1958065032959, 112.39416098594666, 116.00222826004028] 
q2 = [0.6788990825688073, 0.678407350689127, 0.678407350689127, 0.6799387442572741, 0.681504221028396, 0.6820276497695853, 0.6836027713625866, 0.6846569005397071, 0.6851851851851852, 0.6846986089644512, 0.6862442040185472, 0.6872586872586873, 0.6872586872586873, 0.688321732405259, 0.6904024767801857, 0.6909372579395818, 0.6930232558139534, 0.6951124903025602, 0.6961926961926963, 0.6977466977466977, 0.6993769470404986, 0.6999220576773189, 0.7015625000000001, 0.7026604068857589, 0.7037617554858935, 0.7048665620094192, 0.7059748427672955, 0.7065302911093627, 0.7070866141732284] 
t3 = [0, 8.008598804473877, 12.03544569015503, 16.024946928024292, 20.05164122581482, 24.01907777786255, 28.040239095687866, 32.03725528717041, 36.008055686950684, 40.038878202438354, 44.01191973686218, 48.25113224983215, 52.041529417037964, 56.14061188697815, 60.39443588256836, 64.31467008590698, 68.34480214118958, 72.3386402130127, 76.29887509346008, 80.36342597007751, 84.02457308769226, 88.20659327507019, 92.04162216186523, 96.05998921394348, 100.39562463760376, 104.42010760307312, 108.39193058013916, 112.24872159957886, 116.39984035491943, 120.36303544044495] 
q3 = [0.6788990825688073, 0.6910505836575875, 0.6970889063729346, 0.713365539452496, 0.7274220032840722, 0.7334437086092715, 0.7485182049110924, 0.7809187279151943, 0.8147465437788018, 0.8451208594449418, 0.8604038630377524, 0.8583916083916084, 0.8583916083916084, 0.8583916083916084, 0.8583916083916084, 0.8583916083916084, 0.8583916083916084, 0.8583916083916084, 0.8583916083916084, 0.8583916083916084, 0.8583916083916084, 0.8583916083916084, 0.8583916083916084, 0.8583916083916084, 0.8583916083916084, 0.8583916083916084, 0.8529411764705883, 0.8529411764705883, 0.8529411764705883, 0.8529411764705883] 
sameple id : 5
t1 = [0, 8.05894684791565, 12.041069030761719, 16.144908666610718, 20.00370454788208, 24.102240562438965, 28.061514139175415, 32.023937702178955, 36.11486291885376, 40.13942861557007, 44.13323950767517, 48.10544180870056, 52.066142082214355, 56.126081228256226, 60.01528525352478, 64.00706028938293, 68.05382442474365, 72.00036311149597, 76.12119317054749, 80.07823157310486, 84.09331178665161, 88.08941793441772, 92.10942769050598, 96.08374810218811, 100.0114197731018, 104.13508081436157, 108.07636451721191, 112.0239679813385, 116.14298248291016, 120.0845115184784] 
q1 = [0.6846441947565542, 0.6891891891891891, 0.690278824415976, 0.6928895612708018, 0.6949280847842543, 0.698170731707317, 0.7029930928626247, 0.7061538461538461, 0.7088803088803087, 0.7099767981438514, 0.7131782945736435, 0.7137315748642359, 0.7180685358255452, 0.7191887675507019, 0.7231372549019608, 0.7272727272727273, 0.7307386814932485, 0.7342378292098962, 0.7370103916866506, 0.7431781701444622, 0.7457898957497996, 0.7447833065810594, 0.7477982385908727, 0.7489911218724778, 0.7536466774716369, 0.7595762021189894, 0.7643207855973814, 0.7662018047579983, 0.7677100494233938, 0.7706270627062705] 
t2 = [0, 8.13394021987915, 12.119767665863037, 16.014981031417847, 20.23660898208618, 24.259763717651367, 28.04887819290161, 32.14906620979309, 36.007067918777466, 40.326672315597534, 44.385791063308716, 48.32386350631714, 52.3326473236084, 56.33624076843262, 60.31145429611206, 64.20660448074341, 68.0880537033081, 72.1567895412445, 76.29132342338562, 80.33259344100952, 84.0052649974823, 88.23122191429138, 92.13657712936401, 96.4208517074585, 100.2557065486908, 104.00933694839478, 108.15426635742188, 112.01667904853821, 116.04432153701782] 
q2 = [0.6846441947565542, 0.6856714178544636, 0.6856714178544636, 0.6867017280240421, 0.6887218045112782, 0.6892400300978179, 0.6912650602409639, 0.6923076923076923, 0.6933534743202417, 0.6943396226415095, 0.6943396226415095, 0.6948640483383687, 0.6963746223564955, 0.6979560938682815, 0.6984848484848486, 0.7005307050796057, 0.7020470053070509, 0.7031131359149583, 0.703647416413374, 0.7052551408987053, 0.7057926829268293, 0.7068702290076336, 0.7079510703363914, 0.7084927314460596, 0.7095785440613027, 0.7106676899462778, 0.7106676899462778, 0.711760184473482, 0.7132974634896234] 
t3 = [0, 8.031389951705933, 12.046510457992554, 16.037196159362793, 20.024973392486572, 24.02707576751709, 28.01420569419861, 32.00977349281311, 36.0128858089447, 40.02488398551941, 45.94175338745117, 48.22956442832947, 52.08870983123779, 56.33591842651367, 60.08162474632263, 64.30015087127686, 68.0504732131958, 72.261310338974, 76.45021843910217, 80.07363510131836, 84.15628910064697, 88.24504113197327, 92.01258158683777, 96.08394289016724, 100.1401720046997, 104.11716628074646, 108.03148365020752, 112.00466227531433, 116.3343141078949, 120.2287073135376] 
q3 = [0.6846441947565542, 0.6941266209000763, 0.7012383900928794, 0.7190476190476192, 0.7306451612903225, 0.7415914684167351, 0.7654530059271804, 0.7929824561403509, 0.828649138712602, 0.8479020979020978, 0.8564058469475494, 0.8564058469475494, 0.8564058469475494, 0.8564058469475494, 0.8564058469475494, 0.8564058469475494, 0.8564058469475494, 0.8564058469475494, 0.8564058469475494, 0.8564058469475494, 0.8564058469475494, 0.8564058469475494, 0.8564058469475494, 0.8564058469475494, 0.8564058469475494, 0.8564058469475494, 0.8564058469475494, 0.8564058469475494, 0.8564058469475494, 0.851063829787234] 
sameple id : 6
t1 = [0, 8.062791347503662, 12.113550662994385, 16.134835958480835, 20.040659189224243, 24.031067371368408, 28.01374316215515, 32.114625692367554, 36.11494588851929, 40.06137704849243, 44.0247757434845, 48.0922474861145, 52.04205870628357, 56.12714147567749, 60.03812527656555, 64.08233785629272, 68.13738560676575, 72.15205144882202, 76.13231587409973, 80.07151651382446, 84.03213953971863, 88.08088612556458, 92.00804352760315, 96.10934853553772, 100.11228799819946, 104.09185528755188, 108.01449298858643, 112.00712132453918, 116.10904431343079, 120.06981015205383] 
q1 = [0.6787878787878788, 0.682370820668693, 0.6844512195121951, 0.6885496183206107, 0.6938461538461538, 0.6959876543209877, 0.7002323780015491, 0.7013188518231187, 0.702954898911353, 0.7045985970381917, 0.7082683307332294, 0.7094753328112763, 0.712156862745098, 0.7160883280757098, 0.7183544303797468, 0.7223548130469372, 0.7232000000000001, 0.7277108433734939, 0.7294685990338166, 0.7340339531123686, 0.7376916868442291, 0.7378640776699028, 0.7394822006472491, 0.7406199021207178, 0.7430441898527004, 0.7442622950819672, 0.7485572959604286, 0.7539353769676885, 0.7577019150707743, 0.7600000000000001] 
t2 = [0, 8.179244756698608, 12.403095722198486, 16.21256923675537, 20.18582057952881, 24.049201250076294, 28.06008815765381, 32.01430892944336, 36.020089864730835, 40.40910339355469, 44.02282524108887, 48.04143738746643, 52.11670207977295, 56.17822265625, 60.00920009613037, 64.26703310012817, 68.1324074268341, 72.14571738243103, 76.1810736656189, 80.06237530708313, 84.39433312416077, 88.35891675949097, 92.07181525230408, 96.15055537223816, 100.45675539970398, 104.04044699668884, 108.45152616500854, 112.06142568588257, 116.42870378494263] 
q2 = [0.6787878787878788, 0.6797880393641181, 0.6803030303030303, 0.6808510638297872, 0.683929931454684, 0.684973302822273, 0.6864988558352403, 0.6875477463712758, 0.6885496183206107, 0.6890756302521008, 0.6880733944954127, 0.6896551724137931, 0.6901840490797546, 0.6917177914110431, 0.6927803379416283, 0.6943164362519202, 0.6963873943120675, 0.6973886328725037, 0.6989992301770593, 0.7006172839506174, 0.7022428460943543, 0.7027863777089784, 0.7038759689922481, 0.7055167055167055, 0.7060653188180404, 0.7066147859922179, 0.7082683307332294, 0.7092751363990647, 0.7103825136612022] 
t3 = [0, 8.000272274017334, 12.035843133926392, 16.012839555740356, 20.03747844696045, 24.00278091430664, 28.02346158027649, 32.020713329315186, 36.01591682434082, 40.01034712791443, 45.897684812545776, 48.30388927459717, 52.27063584327698, 56.42286968231201, 60.04764008522034, 64.09586119651794, 68.54498529434204, 72.32709121704102, 76.09449529647827, 80.21703505516052, 84.6174750328064, 88.84980988502502, 92.32850408554077, 96.34162425994873, 100.42390990257263, 104.42525029182434, 108.42493724822998, 112.2036759853363, 116.21846628189087, 120.33930730819702] 
q3 = [0.6787878787878788, 0.6898148148148149, 0.6984375000000002, 0.7140575079872205, 0.7262388302193339, 0.7367549668874172, 0.7593856655290102, 0.7869142351900972, 0.8209366391184572, 0.8367166813768756, 0.8446771378708553, 0.8446771378708553, 0.8446771378708553, 0.8446771378708553, 0.8446771378708553, 0.8446771378708553, 0.8446771378708553, 0.8446771378708553, 0.8446771378708553, 0.8446771378708553, 0.8446771378708553, 0.8446771378708553, 0.8446771378708553, 0.8446771378708553, 0.8373702422145329, 0.8373702422145329, 0.8373702422145329, 0.8373702422145329, 0.8373702422145329, 0.8373702422145329] 
sameple id : 7
t1 = [0, 8.05783462524414, 12.001830339431763, 16.03722858428955, 20.136428117752075, 24.004748106002808, 28.166012287139893, 32.12653851509094, 36.00639462471008, 40.0872266292572, 44.066229820251465, 48.11953926086426, 52.068681955337524, 56.14098834991455, 60.06129240989685, 64.01094961166382, 68.00731921195984, 72.04132199287415, 76.04059982299805, 80.10816955566406, 84.03776144981384, 88.0567398071289, 92.0547502040863, 96.19648170471191, 100.06695747375488, 104.12027716636658, 108.04402232170105, 112.1188576221466, 116.09480452537537, 120.11672949790955] 
q1 = [0.6866566716641679, 0.6907449209932282, 0.692365835222978, 0.6959818043972705, 0.7006079027355623, 0.7065134099616859, 0.7086856264411991, 0.7125193199381762, 0.7157242447714951, 0.7199379363847943, 0.7204968944099379, 0.7233047544816836, 0.728125, 0.7309803921568628, 0.734017363851618, 0.7375099127676448, 0.7394422310756972, 0.7424000000000001, 0.7435897435897437, 0.748189863234111, 0.751407884151247, 0.7526188557614828, 0.7522195318805488, 0.7530364372469635, 0.755700325732899, 0.7601957585644372, 0.7659574468085106, 0.7720164609053498, 0.7754763877381939, 0.7784232365145228] 
t2 = [0, 8.448294878005981, 12.157769203186035, 16.055412530899048, 20.328973293304443, 24.00149703025818, 28.316466093063354, 32.01677346229553, 36.416646003723145, 40.28477931022644, 44.189228534698486, 48.09129190444946, 52.036689043045044, 56.07542634010315, 60.331257820129395, 64.12557792663574, 68.01150012016296, 72.22303342819214, 76.03556680679321, 80.30039167404175, 84.08121514320374, 88.02493333816528, 92.75011134147644, 96.16902303695679, 100.05869460105896, 104.14472317695618, 108.2559323310852, 112.13581705093384, 116.324716091156] 
q2 = [0.6866566716641679, 0.687171792948237, 0.6876404494382024, 0.6891891891891891, 0.6902255639097744, 0.691785983421251, 0.6928301886792453, 0.6948640483383685, 0.6949280847842544, 0.6964420893262679, 0.6984848484848485, 0.6984848484848485, 0.6970387243735762, 0.7000759301442673, 0.7011406844106463, 0.7031963470319633, 0.7053435114503817, 0.7068702290076335, 0.7079510703363915, 0.7090352220520675, 0.7106676899462778, 0.711760184473482, 0.7123076923076923, 0.7134052388289677, 0.7139552814186585, 0.7145061728395061, 0.7154973014649191, 0.7166023166023165, 0.7171561051004636] 
t3 = [0, 8.023551940917969, 12.049203157424927, 16.02916145324707, 20.039838314056396, 24.00618076324463, 28.015832662582397, 32.007235050201416, 36.03407382965088, 40.0343873500824, 44.040146827697754, 48.20724105834961, 52.1902539730072, 56.19751572608948, 60.226940870285034, 64.21776461601257, 68.17953062057495, 72.20139622688293, 76.18138122558594, 80.26174855232239, 84.28978276252747, 88.44771957397461, 92.10079717636108, 96.15040230751038, 100.20399308204651, 104.406014919281, 108.20580625534058, 112.01641416549683, 116.18834900856018, 120.24032282829285] 
q3 = [0.6866566716641679, 0.6993114001530223, 0.7064291247095275, 0.7209486166007906, 0.7331189710610931, 0.7432762836185819, 0.7621440536013402, 0.7947598253275109, 0.8190819081908192, 0.855379188712522, 0.8673026886383348, 0.8665511265164645, 0.8665511265164645, 0.8665511265164645, 0.8665511265164645, 0.8665511265164645, 0.8665511265164645, 0.8665511265164645, 0.8665511265164645, 0.8665511265164645, 0.8665511265164645, 0.8665511265164645, 0.8665511265164645, 0.8665511265164645, 0.8665511265164645, 0.8665511265164645, 0.8665511265164645, 0.8665511265164645, 0.8665511265164645, 0.8665511265164645] 
sameple id : 8
t1 = [0, 19.387441158294678, 19.602565050125122, 19.772258043289185, 20.096481323242188, 24.07776427268982, 28.10391139984131, 32.03850793838501, 36.054837703704834, 40.083686113357544, 44.11614775657654, 48.02489447593689, 52.032105684280396, 56.0334255695343, 60.07495307922363, 64.10227632522583, 68.08377075195312, 72.15018081665039, 76.01431083679199, 80.0466845035553, 84.16751432418823, 88.14525103569031, 92.05625295639038, 96.02286100387573, 100.0850121974945, 104.15697956085205, 108.10989451408386, 112.08999562263489, 116.05140161514282, 120.1679847240448, 130.13336563110352, 130.38688468933105] 
q1 = [0.6844512195121951, 0.6844512195121951, 0.6844512195121951, 0.6844512195121951, 0.6834477498093059, 0.6849733028222731, 0.6860643185298622, 0.6886503067484662, 0.6912442396313365, 0.6948501152959263, 0.6996138996138996, 0.7017815646785437, 0.7038759689922479, 0.707165109034268, 0.710833982852689, 0.7151799687010956, 0.7152941176470587, 0.7154088050314465, 0.7175452399685287, 0.7203791469194314, 0.7222222222222223, 0.7239459029435164, 0.7279999999999999, 0.727710843373494, 0.7318255250403877, 0.733009708737864, 0.7362459546925566, 0.7402597402597402, 0.7430894308943089, 0.7430894308943089, 0.7430894308943089, 0.7430894308943089] 
t2 = [0, 15.586751222610474, 18.714669227600098, 18.781273365020752, 20.111757278442383, 24.120935440063477, 28.00587034225464, 32.01233768463135, 36.0274658203125, 40.00011229515076, 44.11597800254822, 48.122819662094116, 52.14172720909119, 56.08648157119751, 60.06599497795105, 64.06718730926514, 68.03107714653015, 72.4165403842926, 76.34159398078918, 80.31078886985779, 84.15000009536743, 88.13871359825134, 92.41138434410095, 96.19288849830627, 100.07350850105286, 104.04132151603699, 108.373539686203, 112.22979068756104, 116.09004807472229] 
q2 = [0.6844512195121951, 0.6844512195121951, 0.6844512195121951, 0.6844512195121951, 0.6834477498093059, 0.6849733028222731, 0.6844512195121951, 0.6849733028222731, 0.6875477463712757, 0.6901300688599847, 0.6906584992343033, 0.6911877394636015, 0.6922486569455104, 0.6932515337423313, 0.6932515337423313, 0.693783576362241, 0.6943802925327176, 0.6959199384141647, 0.6986089644513138, 0.6991492652745551, 0.7006960556844547, 0.7017001545595055, 0.7027863777089783, 0.7048799380325329, 0.7054263565891472, 0.7076205287713843, 0.708171206225681, 0.7092751363990647, 0.7109375] 
t3 = [0, 8.017445087432861, 12.032004594802856, 16.024430990219116, 20.01531219482422, 24.042529106140137, 28.00017738342285, 32.002983808517456, 36.02645444869995, 40.010501861572266, 44.00607776641846, 48.07093143463135, 52.025858879089355, 69.03937220573425, 72.46468615531921, 74.4346342086792, 75.65366840362549, 76.95914053916931, 77.5199875831604, 81.51519560813904, 87.97136664390564, 92.67371559143066, 95.54267048835754, 97.44724154472351, 104.38418078422546, 106.98999571800232, 109.08395385742188, 113.28381085395813, 117.1086311340332, 120.50346612930298] 
q3 = [0.6844512195121951, 0.6973478939157566, 0.7044917257683214, 0.7215496368038741, 0.7309893704006541, 0.7400662251655631, 0.7489504617968096, 0.7709593777009507, 0.7950089126559715, 0.8228782287822878, 0.8473351400180668, 0.8538529672276352, 0.856893542757417, 0.8578901482127288, 0.8578901482127288, 0.8578901482127288, 0.8578901482127288, 0.8578901482127288, 0.8578901482127288, 0.8578901482127288, 0.8578901482127288, 0.8578901482127288, 0.8578901482127288, 0.8578901482127288, 0.8578901482127288, 0.8578901482127288, 0.8578901482127288, 0.8578901482127288, 0.8578901482127288, 0.8578901482127288] 
sameple id : 9
t1 = [0, 8.019501447677612, 12.02341890335083, 16.00844097137451, 20.07430672645569, 24.16033101081848, 28.08174180984497, 32.15216541290283, 36.092947483062744, 40.01901435852051, 44.047319173812866, 48.05351758003235, 52.05065894126892, 56.11375570297241, 60.08116149902344, 64.09440445899963, 68.05910754203796, 72.11068511009216, 76.06048846244812, 80.14972400665283, 84.03061771392822, 88.11466217041016, 92.03311109542847, 96.02115869522095, 100.11616635322571, 104.14365148544312, 108.00923585891724, 112.14163756370544, 116.06374049186707, 120.12041449546814] 
q1 = [0.6852830188679246, 0.6878306878306878, 0.6889226100151744, 0.6920152091254752, 0.6961157654226962, 0.6987767584097859, 0.7020785219399538, 0.7047031611410949, 0.7099767981438515, 0.7121799844840961, 0.7150663544106168, 0.7167449139280127, 0.7178683385579937, 0.7216981132075473, 0.7245461720599843, 0.7284243863816311, 0.7334924423229912, 0.7349879903923138, 0.7373493975903613, 0.7397260273972603, 0.7425343018563357, 0.7459546925566343, 0.7481781376518218, 0.7491909385113269, 0.7497975708502024, 0.7530562347188264, 0.7559183673469387, 0.76003276003276, 0.7656765676567656, 0.7682119205298014] 
t2 = [0, 8.621376276016235, 12.548075437545776, 16.09851861000061, 20.10833191871643, 24.29782462120056, 28.526516914367676, 32.53955268859863, 36.021392822265625, 40.14431548118591, 44.277557373046875, 48.013492584228516, 52.13611078262329, 56.02578687667847, 60.150564193725586, 64.45528531074524, 68.46565675735474, 72.0820779800415, 76.04371666908264, 80.00499272346497, 84.12161827087402, 88.05499267578125, 92.28493142127991, 96.01576399803162, 100.41349768638611, 104.07237911224365, 108.17101955413818, 112.31478428840637, 116.08144974708557] 
q2 = [0.6852830188679246, 0.6842900302114803, 0.6852830188679246, 0.6863189720332578, 0.6878306878306878, 0.6893939393939394, 0.6904400606980273, 0.6914893617021277, 0.6914893617021277, 0.6940639269406392, 0.6940639269406392, 0.6940639269406392, 0.6956521739130436, 0.6971777269260107, 0.6982429335370511, 0.7008416220351951, 0.7008416220351951, 0.7013782542113323, 0.7029096477794794, 0.7039877300613496, 0.7049808429118773, 0.7055214723926378, 0.7071483474250577, 0.7082371054657428, 0.7093292212798766, 0.7098765432098766, 0.7109737248840804, 0.7120743034055728, 0.711523588553751] 
t3 = [0, 8.015768051147461, 12.031008243560791, 16.01430606842041, 20.013826847076416, 24.03005838394165, 28.029613733291626, 32.00972867012024, 43.88556170463562, 44.36401581764221, 44.84239983558655, 48.1665256023407, 52.079941749572754, 56.24624466896057, 60.35385084152222, 64.29024076461792, 68.24573063850403, 72.23387932777405, 76.18330240249634, 80.15162968635559, 84.2385036945343, 88.05581665039062, 92.16703224182129, 96.19470453262329, 100.13793849945068, 104.01434469223022, 108.32425546646118, 112.07636857032776, 116.1642484664917, 120.32955431938171] 
q3 = [0.6852830188679246, 0.6975308641975309, 0.714172604908947, 0.7280064568200162, 0.7487520798668884, 0.783289817232376, 0.8225806451612904, 0.8502581755593804, 0.8512820512820515, 0.8512820512820515, 0.8512820512820515, 0.8512820512820515, 0.8512820512820515, 0.8512820512820515, 0.8512820512820515, 0.8512820512820515, 0.8512820512820515, 0.8512820512820515, 0.8512820512820515, 0.8512820512820515, 0.8512820512820515, 0.8512820512820515, 0.8512820512820515, 0.8512820512820515, 0.8512820512820515, 0.8512820512820515, 0.8512820512820515, 0.8512820512820515, 0.8512820512820515, 0.8512820512820515] 
