sameple id : 0
t1 = [2.0248160362243652, 8.05507230758667, 12.143055438995361, 16.149159908294678, 20.025355339050293, 24.127374172210693, 28.020506620407104, 32.1546106338501, 36.089601278305054, 40.138935565948486, 44.051637411117554, 48.02674460411072, 52.105414628982544, 56.1704466342926, 60.070356130599976, 64.03139662742615, 68.02834129333496, 72.00053071975708, 76.02240228652954, 80.02698135375977, 84.01168370246887, 88.18365693092346, 92.14816093444824, 96.3719208240509, 100.05922365188599] 
q1 = [0.6474576271186441, 0.6703296703296703, 0.6727941176470588, 0.6765249537892791, 0.6815642458100558, 0.6841121495327103, 0.690566037735849, 0.6880907372400755, 0.6885245901639345, 0.7013487475915221, 0.7063339731285989, 0.7076923076923077, 0.7198443579766538, 0.71875, 0.7226562500000001, 0.7318982387475539, 0.7347740667976425, 0.749003984063745, 0.7605633802816901, 0.7651821862348178, 0.7941787941787941, 0.7941787941787941, 0.7974947807933194, 0.7974947807933194, 0.7991631799163179] 
t2 = [0.979205846786499, 8.416105270385742, 12.044464588165283, 16.071128368377686, 20.0632643699646, 24.145204305648804, 28.118805408477783, 32.02584433555603, 36.12165927886963, 40.05798697471619, 44.00826597213745, 48.378525257110596, 52.30235028266907, 56.17032551765442, 60.1930890083313, 64.31127619743347, 68.00280165672302, 72.26301574707031, 76.18436360359192, 80.15234041213989, 84.16180157661438, 88.22843956947327, 92.16345167160034, 96.14225506782532] 
q2 = [0.6474576271186441, 0.6715328467153283, 0.6752293577981651, 0.6752293577981651, 0.6777163904235728, 0.6789667896678967, 0.6802218114602588, 0.6827458256029684, 0.6840148698884758, 0.6852886405959031, 0.6865671641791045, 0.6878504672897195, 0.6904315196998123, 0.6930320150659133, 0.6930320150659133, 0.696969696969697, 0.6982922201138521, 0.7009523809523809, 0.7036328871892926, 0.7063339731285989, 0.7076923076923077, 0.7076923076923077, 0.7090558766859345, 0.7104247104247104] 
t3 = [1.054884910583496, 8.36020302772522, 26.749368906021118, 26.783113956451416, 26.783113956451416, 26.783113956451416, 45.15606880187988, 45.190753698349, 45.190753698349, 45.190754890441895, 45.552435874938965, 63.24857783317566, 63.28450083732605, 63.28450083732605, 63.28450083732605, 81.0404999256134, 81.07631802558899, 81.07631802558899, 81.0763189792633, 81.4408700466156, 99.01060724258423, 99.04665231704712, 99.04665231704712, 99.04665327072144, 116.87106466293335, 116.90808057785034] 
q3 = [0.6474576271186441, 0.76890756302521, 0.7818930041152263, 0.7818930041152263, 0.7818930041152263, 0.7818930041152263, 0.7818930041152263, 0.7818930041152263, 0.7818930041152263, 0.7818930041152263, 0.7818930041152263, 0.7818930041152263, 0.7818930041152263, 0.7818930041152263, 0.7818930041152263, 0.7818930041152263, 0.7818930041152263, 0.7818930041152263, 0.7818930041152263, 0.7818930041152263, 0.7818930041152263, 0.7818930041152263, 0.7818930041152263, 0.7818930041152263, 0.8042553191489361, 0.8042553191489361] 
sameple id : 1
t1 = [1.0416250228881836, 8.154476404190063, 12.08562707901001, 16.028093814849854, 20.101497650146484, 24.0167179107666, 28.119799375534058, 32.00925946235657, 36.03742814064026, 40.05246877670288, 44.121949911117554, 48.02173113822937, 52.1129367351532, 56.06463408470154, 60.015246868133545, 64.04451036453247, 68.03508925437927, 72.01266384124756, 76.0287868976593, 80.00103235244751, 84.34752798080444, 88.3146059513092, 92.25315403938293, 96.26804041862488, 100.25903749465942] 
q1 = [0.6744186046511628, 0.6778523489932886, 0.7027027027027026, 0.7063063063063063, 0.7088607594936709, 0.7150635208711433, 0.7127272727272727, 0.716636197440585, 0.721915285451197, 0.7272727272727274, 0.7350746268656716, 0.7392120075046904, 0.7471698113207548, 0.7537878787878788, 0.7580952380952382, 0.7580952380952382, 0.7662835249042146, 0.7758284600389864, 0.7858546168958742, 0.8016032064128257, 0.8080808080808081, 0.8080808080808081, 0.8097165991902835, 0.8097165991902835, 0.8097165991902835] 
t2 = [0.9448049068450928, 8.143798351287842, 12.031961441040039, 16.285324096679688, 20.133771181106567, 24.087374925613403, 28.3273024559021, 32.082510471343994, 36.09077286720276, 40.429643869400024, 44.21761393547058, 48.09825658798218, 52.07229161262512, 56.289276123046875, 60.103707790374756, 64.13700199127197, 68.03088521957397, 72.31061100959778, 76.14136362075806, 80.1354501247406, 84.40897870063782, 88.18554854393005, 92.07911539077759, 96.34981441497803] 
q2 = [0.6744186046511628, 0.6766666666666666, 0.680067001675042, 0.6835016835016835, 0.6835016835016835, 0.6858108108108109, 0.7090909090909091, 0.7090909090909091, 0.7142857142857142, 0.7155963302752294, 0.717948717948718, 0.7205882352941178, 0.721915285451197, 0.721915285451197, 0.7255985267034992, 0.7323420074349443, 0.7323420074349443, 0.7313432835820896, 0.7364485981308412, 0.7378277153558053, 0.7443609022556391, 0.7448015122873345, 0.7476280834914611, 0.7490494296577948] 
t3 = [0.9444570541381836, 8.068728685379028, 26.417723417282104, 26.4531512260437, 26.453152179718018, 26.453153133392334, 44.10914850234985, 44.143455505371094, 44.143455505371094, 44.14345645904541, 44.486037492752075, 62.39397048950195, 62.4304563999176, 62.4304575920105, 62.4304575920105, 80.23925757408142, 80.27436852455139, 80.27436947822571, 80.27437043190002, 80.62238144874573, 98.10882639884949, 98.14457941055298, 98.14457941055298, 98.1445803642273, 116.75638008117676, 116.79411315917969] 
q3 = [0.6744186046511628, 0.7886178861788619, 0.8031809145129225, 0.8031809145129225, 0.8031809145129225, 0.8031809145129225, 0.8031809145129225, 0.8031809145129225, 0.8031809145129225, 0.8031809145129225, 0.8031809145129225, 0.8031809145129225, 0.8031809145129225, 0.8031809145129225, 0.8031809145129225, 0.8031809145129225, 0.8031809145129225, 0.8031809145129225, 0.8031809145129225, 0.8031809145129225, 0.8031809145129225, 0.8031809145129225, 0.8031809145129225, 0.8031809145129225, 0.8178137651821862, 0.8178137651821862] 
sameple id : 2
t1 = [1.0503971576690674, 8.047802925109863, 12.086163997650146, 16.148588180541992, 20.09525156021118, 24.05515146255493, 28.051493167877197, 32.03563666343689, 36.07046985626221, 40.11493539810181, 44.09095311164856, 48.1156485080719, 52.018415451049805, 56.04107141494751, 60.11258125305176, 64.02822709083557, 68.02908897399902, 72.0044629573822, 76.03133773803711, 80.36043500900269, 84.31657981872559, 88.30278396606445, 92.26640462875366, 96.15658211708069, 100.4085648059845] 
q1 = [0.6588235294117647, 0.6655348047538201, 0.6723842195540309, 0.6793760831889082, 0.6853146853146853, 0.6901408450704225, 0.6927175843694494, 0.6989247311827957, 0.6967509025270759, 0.7069597069597068, 0.717472118959108, 0.7204502814258912, 0.732824427480916, 0.7427466150870407, 0.7446393762183237, 0.7490196078431373, 0.7634194831013915, 0.772, 0.7766599597585514, 0.7983539094650206, 0.8016528925619835, 0.803312629399586, 0.803312629399586, 0.803312629399586, 0.8049792531120332] 
t2 = [0.9351038932800293, 8.07977294921875, 12.288350582122803, 16.0561842918396, 20.016276597976685, 24.366742849349976, 28.244565963745117, 32.104435205459595, 36.0225875377655, 40.19481444358826, 44.019057273864746, 48.16577458381653, 52.0713152885437, 56.38075590133667, 60.36168146133423, 64.10610914230347, 68.14982724189758, 72.07254767417908, 76.1237006187439, 80.4137773513794, 84.12936019897461, 88.34686279296875, 92.47192478179932, 96.01044297218323] 
q2 = [0.6588235294117647, 0.6588235294117647, 0.6632825719120136, 0.6666666666666666, 0.6678023850085179, 0.67008547008547, 0.6735395189003437, 0.6758620689655173, 0.6805555555555556, 0.6829268292682926, 0.6841186736474694, 0.6853146853146853, 0.6877192982456141, 0.7129455909943714, 0.7156308851224106, 0.718336483931947, 0.7210626185958254, 0.7238095238095238, 0.7265774378585086, 0.7307692307692308, 0.7307692307692308, 0.7350096711798839, 0.7392996108949416, 0.7436399217221134] 
t3 = [0.9513249397277832, 8.18185019493103, 25.765685081481934, 25.799490213394165, 25.799490213394165, 25.799490213394165, 42.792081117630005, 42.82597517967224, 42.82597613334656, 42.825977087020874, 60.00527596473694, 60.04040884971619, 60.0404098033905, 60.0404098033905, 60.370853900909424, 78.69029808044434, 78.7256588935852, 78.72565984725952, 78.72565984725952, 97.97813105583191, 98.01525211334229, 98.0152530670166, 98.0152530670166, 98.37859296798706, 116.82326078414917, 116.85922980308533] 
q3 = [0.6588235294117647, 0.7807933194154489, 0.7886178861788617, 0.7886178861788617, 0.7886178861788617, 0.7886178861788617, 0.7886178861788617, 0.7886178861788617, 0.7886178861788617, 0.7886178861788617, 0.7886178861788617, 0.7886178861788617, 0.7886178861788617, 0.7886178861788617, 0.7886178861788617, 0.7886178861788617, 0.7886178861788617, 0.7886178861788617, 0.7886178861788617, 0.7886178861788617, 0.7886178861788617, 0.7886178861788617, 0.7886178861788617, 0.7918367346938775, 0.8134171907756814, 0.8134171907756814] 
sameple id : 3
t1 = [1.054656982421875, 8.13906478881836, 12.119891166687012, 16.005556106567383, 20.072304248809814, 24.088209867477417, 28.037798643112183, 32.14583706855774, 36.06146693229675, 40.061755418777466, 44.06932711601257, 48.090187311172485, 52.10287690162659, 56.113343238830566, 60.035738706588745, 64.03101420402527, 68.01516485214233, 72.02481651306152, 76.04637932777405, 80.0054202079773, 84.00298738479614, 88.04871320724487, 92.2404351234436, 96.26297807693481, 100.32488369941711] 
q1 = [0.6531986531986532, 0.6643835616438356, 0.6678141135972461, 0.6848816029143898, 0.6837294332723948, 0.689908256880734, 0.6887661141804788, 0.6762075134168157, 0.681081081081081, 0.6992481203007519, 0.7045454545454545, 0.7153846153846153, 0.7195357833655706, 0.7251461988304093, 0.73767258382643, 0.7435387673956262, 0.7575150300601203, 0.7723577235772356, 0.7829614604462474, 0.7797979797979798, 0.7909836065573771, 0.7926078028747434, 0.7926078028747434, 0.7942386831275721, 0.7942386831275721] 
t2 = [0.9406747817993164, 8.47640323638916, 12.124407291412354, 16.00845456123352, 20.119046449661255, 24.027348279953003, 28.211400032043457, 32.13777136802673, 36.02881121635437, 40.016233921051025, 44.014994621276855, 48.097182512283325, 52.00369954109192, 56.45155334472656, 60.03982090950012, 64.02720618247986, 68.42909216880798, 72.48746609687805, 76.08053374290466, 80.00585317611694, 84.12109017372131, 88.16861033439636, 92.15132427215576, 96.0487494468689] 
q2 = [0.6531986531986532, 0.657672849915683, 0.6621392190152802, 0.6643952299829642, 0.6666666666666666, 0.6712564543889845, 0.6712564543889845, 0.6724137931034482, 0.6886446886446885, 0.689908256880734, 0.689908256880734, 0.6948529411764706, 0.6935779816513762, 0.6974169741697417, 0.6987060998151571, 0.6987060998151571, 0.7012987012987013, 0.7012987012987013, 0.7026022304832713, 0.7039106145251397, 0.7078651685393259, 0.7067669172932332, 0.7132075471698114, 0.7172675521821631] 
t3 = [0.9728560447692871, 8.751847267150879, 28.417417526245117, 28.45764660835266, 28.457647800445557, 28.457647800445557, 28.804972887039185, 47.23519802093506, 47.269344091415405, 47.269344091415405, 47.26934504508972, 65.53760933876038, 65.57279634475708, 65.5727972984314, 65.57279849052429, 65.92755246162415, 83.5865044593811, 83.62236046791077, 83.62236142158508, 83.6223623752594, 84.01703524589539, 102.42455530166626, 102.46243023872375] 
q3 = [0.6531986531986532, 0.7782426778242678, 0.7829614604462474, 0.7829614604462474, 0.7829614604462474, 0.7829614604462474, 0.7829614604462474, 0.7829614604462474, 0.7829614604462474, 0.7829614604462474, 0.7829614604462474, 0.7829614604462474, 0.7829614604462474, 0.7829614604462474, 0.7829614604462474, 0.7829614604462474, 0.7829614604462474, 0.7829614604462474, 0.7829614604462474, 0.7829614604462474, 0.7829614604462474, 0.7829614604462474, 0.7829614604462474] 
sameple id : 4
t1 = [1.5470600128173828, 8.017358779907227, 12.037353515625, 16.150458574295044, 20.013646841049194, 24.05792474746704, 28.175954818725586, 32.15757393836975, 36.05738830566406, 40.108593702316284, 44.02081561088562, 48.06485915184021, 52.14010167121887, 56.14646339416504, 60.00138592720032, 64.10651206970215, 68.02930498123169, 72.0259141921997, 76.00530910491943, 80.00943231582642, 84.02628374099731, 88.3794252872467, 92.05310559272766, 96.25718593597412, 100.43256878852844] 
q1 = [0.6766169154228856, 0.6891891891891893, 0.6926994906621392, 0.6998284734133791, 0.7036395147313692, 0.7038327526132404, 0.7100175746924429, 0.7140319715808171, 0.7204301075268817, 0.7282608695652174, 0.730909090909091, 0.7362637362637363, 0.7421150278293134, 0.7561436672967863, 0.7619047619047619, 0.7722007722007722, 0.7812499999999999, 0.7865612648221345, 0.7999999999999999, 0.7999999999999999, 0.8096192384769539, 0.808, 0.8096192384769539, 0.8112449799196787, 0.8128772635814889] 
t2 = [0.8810718059539795, 8.110673189163208, 12.141748428344727, 16.269695281982422, 20.146409034729004, 24.34128451347351, 28.372883558273315, 32.381728410720825, 36.29632258415222, 40.32232356071472, 44.353415727615356, 48.00958323478699, 52.01973223686218, 56.00416421890259, 60.02115535736084, 64.01399755477905, 68.01431846618652, 72.04671430587769, 76.06194949150085, 80.0216372013092, 84.06691145896912, 88.12855315208435, 92.04064702987671, 96.09929537773132] 
q2 = [0.6766169154228856, 0.6788685524126455, 0.6822742474916388, 0.6857142857142856, 0.688026981450253, 0.6903553299492386, 0.6915254237288135, 0.6938775510204082, 0.6950596252129472, 0.6962457337883959, 0.6974358974358975, 0.7010309278350516, 0.7046632124352332, 0.7058823529411764, 0.7095652173913044, 0.7108013937282229, 0.7132867132867133, 0.7170474516695958, 0.7208480565371024, 0.7185840707964601, 0.7400379506641366, 0.7442748091603053, 0.7442748091603053, 0.7471264367816092] 
t3 = [0.7649369239807129, 8.322640895843506, 25.531977891921997, 25.567908763885498, 25.567909717559814, 25.56791067123413, 42.90280842781067, 42.93773031234741, 42.93773126602173, 42.93773126602173, 60.19036531448364, 60.225842237472534, 60.22584319114685, 60.22584414482117, 60.572848081588745, 78.56870412826538, 78.60564804077148, 78.60564804077148, 78.60564804077148, 96.07661509513855, 96.11335611343384, 96.11335611343384, 96.11335730552673, 96.44829845428467, 114.18057155609131, 114.2200493812561] 
q3 = [0.6766169154228856, 0.7906976744186047, 0.7906976744186047, 0.7906976744186047, 0.7906976744186047, 0.7906976744186047, 0.7906976744186047, 0.7906976744186047, 0.7906976744186047, 0.7906976744186047, 0.7906976744186047, 0.7906976744186047, 0.7906976744186047, 0.7906976744186047, 0.7906976744186047, 0.7906976744186047, 0.7906976744186047, 0.7906976744186047, 0.7906976744186047, 0.7906976744186047, 0.7906976744186047, 0.7906976744186047, 0.7906976744186047, 0.7937743190661478, 0.807920792079208, 0.807920792079208] 
